structure(c(-0.801681474619914, -0.295822225375153, -0.469907183645697, 
0.143305942978145, -0.242525562452564, 0.205666783054157, -0.0406678321000787, 
-0.206772750384424, -0.171450390813819, -0.144215518571540, -0.327741609618948, 
-0.6178529814963, -0.218212754582892, -0.214783582512296, -0.567433188451791, 
-0.310169247056162, -0.27778556162073, 0.0361716985495552, -0.678113802267196, 
-0.448302658060594, -0.0542295822618064, -0.457792493498062, 
-0.521062075468072, -0.110389725613501, -0.301798780540565, -0.209156916016803, 
-0.411194809461845, 0.485927482658379, -0.275269318952013, -0.72890457877493, 
-0.590756536609410, -0.484952826005713, -0.128778689146886, -0.552557809362035, 
0.0644388073121252, -0.651133537069724, -0.199334962819587, 0.16500758221701, 
-0.0810970249070015, -0.131905137971060, 0.0791452486309048, 
-0.546660640669813, -1.24764653357657, 0.0388660546213505, -0.0814798775497672, 
-0.318099243321845, 0.197946942979873, -0.024978259991917, -0.310806363633079, 
-0.184291494768343, -0.257030204909766, -0.204754647117809, -0.148188839958751, 
0.1168890146204, -0.00387570285292855, -0.660506304957089, -0.154260729955686, 
-0.157464046093648, -0.363774340764254, -0.516385584538132, 0.0405509270984218, 
-0.439187189989289, -0.219681266799244, -0.141938419412582, -0.250998297176683, 
-0.760379848517112, -0.428368201058546, -0.723466273998285, -0.216624953872696, 
-0.319745556202635, -0.234962891637607, 0.185685058319311, -0.414622356530308, 
0.225704353092901, 0.103189930041311, -0.176080641648806, -0.987955045781212, 
-0.29507680436781, -0.115506924143040, -0.788142978284326, 0.038309962114041, 
-0.209205291607412, -0.0434460623100341, 0.530853868509078, 0.00110018835197786, 
-0.637218104385629, -0.691705164382417, -0.0461910733236097, 
0.0819411375003712, -0.182244670600762, -0.159810316710487, -0.0825367747690807, 
-0.128537574572663, -0.178078579105115, 0.147149339203918, -0.0684062593510657, 
-0.169343369755664, -0.220364927191838, -0.360349971346464, -0.1740896854589, 
-0.365031657798781, -0.352043612665695, -0.199127282605619, 0.0357652748397500, 
0.122193556994228, -0.221836726378989, 0.468193768574014, -0.57138194303319, 
-0.214601351980595, -0.57538225939584, -0.143061193012587, -0.0193826113162779, 
-0.24421863813174, -0.436487829828252, -0.0681757618094759, 0.0565687901928034, 
-0.62121736492902, -0.473534659337887, 0.0029301073267103, -0.381379541149667, 
-0.439664617367573, -0.297165245487235, -0.52881033687079, -0.260954272459924, 
-0.599569708827639, -0.596167718187192, -0.436780466325372, -0.0499745287804701, 
-0.294923119261219, -0.00746806535111218, -0.486959102645528, 
-0.51807298505234, -0.378630673755272, 0.0894262204232197, -0.466279639695691, 
-0.00293013511002917, -0.188515757145500, -0.087225357862355, 
-0.00645175675671685, -0.249681919446917, -0.835823592301515, 
-0.891817776419218, -0.111075022664552, -0.287352843305272, -0.651152102824207, 
-0.047696966001043, 0.0216237158861425, -0.606617982294714, 0.00731529272501418, 
-0.109646038947775, -0.13582081327841, -0.794141864564295, -0.0389546519156554, 
-0.254717370120385, -0.188439000193205, -0.194041770196943, -1.15735197234785, 
-0.0501292978670249, -0.215676228677352, -0.289120452323777, 
0.107815864227508, -0.459961721231462, 0.256158724796664, -0.18058185859167, 
-0.097392130223926, -0.186379458268871, -0.447767166322016, -0.212587638118975, 
-0.340301869838406, 0.156169707536752, -0.674763556099861, -0.834816559120598, 
0.0137584132945739, -0.118511600402947, -0.637388730345223, -0.289432302451696, 
-0.198117793924078, -0.368341857300210, -0.551749464728485, -0.460769610788384, 
-0.122322662801877, -0.0594193198193769, -0.294469276909689, 
-0.60442052303622, -0.503682245979088, -0.771228958470251, -0.167223306809036, 
-0.217179849258330, -0.0423029944904801, 0.065712750080197, -0.0354151688877674, 
0.027803419847724, 0.109538897446344, 0.0909290558689713, -0.151200178912452, 
-0.70257506582445, -0.679845863131999, -0.470153838902626, -0.0499429667253118, 
-0.627140167470316, -0.357676691989254, -0.080692531269032, -0.0795828887665014, 
-0.509109658431025, 0.181361178660432, -0.283969102897243, -0.395036641170221, 
-0.500282674712796, -0.0769870951624347, -0.627095789665544, 
-0.247142472236899, -0.098736201952351, -0.121744789803535, -0.513037964190779, 
-0.47976322438696, -0.114796716860165, -0.0195929815432360, -0.365445924212483, 
-0.338000201778373, -0.629617526759444, 0.0118278003515841, -0.0845902048005591, 
-0.0995540601120047, -0.191216316789009, -0.299532040449865, 
-0.511498942780252, 0.0596992616755736, -0.349094740020121, -0.553880793946738, 
-0.0672962356778714, -0.429587017091976, -0.264352807501948, 
-0.149157337297354, -0.628307559782757, -0.0985039157710419, 
-0.448506778694461, 0.0477683629461896, 0.142612969802931, -0.0493412223518617, 
-0.241661368384608, 0.125690843227243, 0.198925031780511, -0.0148546833597058, 
-0.363468742590887, -0.339640645539911, -0.211292569804416, -0.434059974981313, 
-0.075435261579326, -0.297021153112448, -0.215258038755418, -0.299930582092940, 
-0.0416615185550961, -0.454123683671806, -0.676798052949117, 
-0.563067316670837, -0.436195844103136, -0.0364798146080673, 
-0.403829879257632, -0.197324435969313, -0.364111197796761, -0.144793676973652, 
0.0238902297876572, -0.578080515910982, -0.151651094942369, -0.262053716721258, 
-0.194951836614672, 0.214967337707911, -0.484820344056357, -0.515942296721833, 
-0.82525599811725, 0.270913843461968, -0.0446461318482287, -0.510774008857954, 
-0.259255855823387, -0.146973091733248, -0.0752853576778206, 
0.0226810853355776, -0.690443042465246, 0.0139684166744801, 0.370224490631388, 
-0.90107446238743, -0.214991831660120, -0.195305941865472, -0.155332061845018, 
-0.667174406176277, -0.411842543104452, -0.118901342439697, -0.0555613131380287, 
-0.0788616772489276, -0.0388833588947352, -0.000898389493654368, 
-0.366644496104808, -0.124557267134186, -0.170921759791032, -0.224634633545997, 
-0.129415848797377, -0.269383314036296, 0.350942953712379, -0.581505948837585, 
0.35034635698173, -0.433783849566904, -0.59019944752006, -0.687912125871869, 
0.0815724675133548, -0.202149896595448, -0.198913909460567, -0.610935214063445, 
-0.182503524929366, -0.584518556878768, -0.19585036767818, -0.292345777821524, 
-0.308935011962346, -0.0762677737267212, 0.0517660416892985, 
-1.12374464713385, 0.0802760243295057, 0.0848795893080794, -0.177007556358035, 
-0.15152350671302, -0.219817679023771, -0.266877541269267, -0.500535906613454, 
0.296196364319039, -0.129253955874156, -0.0748904384529173, -0.480787182181, 
0.0921142509171001, 0.0328740153065042, 0.0358579366065992, -0.583537004954005, 
-0.465626153979032, -0.319359155996118, -0.0176558804454673, 
-0.405760229946905, -0.617700305564202, -0.245957990256873, -0.332214612070202, 
-0.490181505347399, -0.67568676366482, -0.404787704096382, -0.518541166622502, 
-0.388130485487638, -0.131374576094446, -0.0480471329980936, 
-0.163130275829281, -0.244554327596331, 0.083494444212746, -0.507055245977861, 
0.0696008146361699, -0.244193556976645, -0.88951186615635, -0.259695236220353, 
-0.0987219485186038, -0.137705684119712, -0.419941509483591, 
-0.592221193679869, 0.127972934126166, -0.400721765430685, -0.32045868228142, 
-0.125948313123961, -0.0858840188003128, -0.963890896972063, 
0.0401108967346689, -0.492695287135426, -0.283664068284442, -0.165454306077448, 
-0.0493086858846268, -0.0724605664078717, -0.421326909275968, 
-0.0787854567275045, -0.141670169909621, -0.127995788713918, 
-0.375122297423312, -0.386989216845336, -0.570476090699449, -0.0846639283138528, 
-0.222931078031161, -0.00712306457884539, -0.216685713657982, 
-0.283505860663920, 0.033573090920991, -0.265847727363719, -0.12993924930172, 
-0.962114174993064, -0.338866642408044, -0.62965857002354, -0.30235926507691, 
-0.157082816865805, 0.160923745524894, -0.562007557237751, -0.527511515986754, 
-0.615521573767402, -0.090099935590923, -0.308720529875533, -0.551176934646856, 
0.122489412123035, -0.888864920663702, -0.979701418985276, 0.174510965901980, 
-0.266677184211184, -0.142012639552592, -0.0095071977546942, 
-0.405485030162996, -0.13050403727042, -0.167635789476274, -0.101037433842004, 
-0.213815172818712, -0.743996808054865, -0.658745194141183, -0.348712512599135, 
-0.505743968561038, -0.708248467616994, -0.523157631938391, -0.171540342832064, 
0.0383543120736016, -0.0296099397581494, -0.176795029390022, 
-0.0361261589366656, -0.550767409866874, -0.480696771296176, 
0.359048569499195, -0.081919658078762, -0.164500662804216, 0.182418669047605, 
0.186041145230237, -0.0944582424608804, -0.462801108133984, 0.221207117529418, 
-0.0638271002273639, -0.511599981320409, -0.580614861499576, 
-0.328643056749137, -0.621389872624067, -0.583937063614667, -0.330172275141755, 
0.332517803641274, -0.942510187157253, 0.201329383764029, -0.582730483662027, 
-0.790551830142726, -0.586695870356785, -0.243553066196046, -0.261834008606646, 
0.113314355241057, -0.207747956747898, -0.196291686021097, -0.236335690910057, 
-0.187098094168544, -0.434620723350843, 0.135769283656220, -0.139268287099970, 
-0.221556202671203, -0.281977156156034, -0.243751827476389, -0.297630616209257, 
0.0781910135370064, -0.194956760468461, -0.258453289210917, -0.381623195540262, 
-0.564582161342339, -0.77888977727407, -0.137892431602363, -0.389641318123245, 
-0.264209690402526, -0.452793204663762, -0.867293971652962, -0.372638580057156, 
0.114160610448687, -0.602158814280594, -0.000302382396416591, 
0.0264991801245919, -0.244202596244093, -0.492432811712616, -0.47331587257992, 
-0.797108233013786, 0.121583816360021, -0.213897322092066, -0.469709811647294, 
-0.549711134044549, -0.505938692750779, -0.456089921905187, 0.0542650002144952, 
-0.272677522735046, -0.259037350412124, -0.680832933286238, -0.513057672830112, 
-0.226686595585353, 0.0449296769367003, -0.0246626414533822, 
-0.963382874544761, 0.0257207418652166, 0.130678219152403, 0.00958730940199017, 
-0.545708808458559, -0.177284589270027, -0.126377226475865, 0.055832904375058, 
-0.245573922724075, -0.910528474766244, 0.36622517379359, -0.0805265403217903, 
-0.10500870983295, -0.642198276633537, -0.0402832798252909, -0.140364492459771, 
-0.118394051771117, -0.251171557256211, 0.292877046445113, -0.0185783046869433, 
-0.537408068504823, -0.652172696795464, -0.24426574653952, 0.321966107393327, 
0.182654766114846, 0.0145346576458360, 0.320845443253878, -0.515014312487874, 
0.148598962788350, -0.27342134807656, -0.2372086507961, -0.154409423043581, 
-0.228398177355363, -0.246932592210388, -0.553257480227112, -0.0185350245857039, 
-0.0567011950766405, -0.469237386043246, -0.0519024815268095, 
-0.554612436042233, -0.000449429527121637, -0.500438275466959, 
-0.0885393051616874, -0.0149277792994378, -0.253366815076238, 
-0.201511843832926, 0.00382912297735852, -0.140505478546442, 
-0.131662956264538, -0.238515919049493, -0.37149557863722, -0.0992307019763502, 
-0.184653278229969, -0.100154807500140, 0.0100252891510368, -0.0362948788803487, 
-0.453786616910654, -0.0944600070059623, -0.107746731078865, 
-0.156306566181184, -0.467891680834658, -0.423532066461486, 0.0925898114100323, 
-0.258479867144722, -0.0628630676591813, 0.236032302522180, 0.0692855439058972, 
0.234062960898479, -0.190129372503591, -0.0354239346090732, -0.149316200273438, 
0.0588329166192346, -0.171501442666751, 0.131262462704800, -0.260751567060833, 
-0.190343739444051, -0.76331797811324, -0.293766486315529, -0.418608431723319, 
-0.0963671557360558, -0.145231632055116, -0.335285051453615, 
-0.421855253269062, -0.156925685885363, -0.833595634593456, -0.115480523233591, 
-0.0632194214925469, -0.0427904180442705, -0.604805365313819, 
-0.419337727347973, 0.138082432419169, -0.587813104389002, -0.467065692623972, 
-0.0191220983598940, -0.266135903449443, -0.462961763994609, 
-0.908085821537945, -0.383264487073793, -0.107950228984036, -0.0751748051005558, 
-0.0729709734801342, -0.747054155781062, -0.334082496141649, 
-0.094224716799382, -0.493005991142133, -0.298220218170595, -0.263862897212203, 
-0.35625212382387, -0.734145953866301, -0.0886102289353828, -0.0749076125407731, 
-0.256939751534141, -0.54543723810752, 0.0135283061294717, -0.565579858284753, 
-0.772710569203668, -0.172302703252306, 0.0918063178401752, -0.637925281009058, 
-0.713207081791795, -0.206933343931532, -0.0444894996082036, 
-0.571918178422718, 0.0661457113002527, -0.224439168275814, -0.140953410805448, 
-0.138054246388346, 0.0787178803753982, -0.144485839284238, -0.399714035568651, 
-0.8202061390363, -0.0374853706762051, -0.290756481223004, -0.247835138406789, 
-0.790138056213507, -0.189267335989651, 0.0762526074962716, -0.30988915523028, 
-0.4792371231966, -0.237174512070304, -0.382360181783026, -0.357334882169262, 
-0.146459329718841, -0.184063749528098, -0.618112398115702, -0.306442130783003, 
-0.132458092747326, -0.498315399765603, -0.502504644845335, -0.476292811158022, 
-0.501970171771051, -0.354892616568865, -0.50929214254485, -0.194097683444974, 
0.0749895965086509, -0.642792626926351, -0.414754840306892, -0.336136032369158, 
-0.806832499941828, -0.109113807843908, -0.413252566083474, 0.168197255184509, 
-0.555320943290476, -0.456112766867533, -0.651086584858993, -0.287368417917993, 
-0.217658343211454, -0.371374193445352, -0.232294698974295, -0.307980650820665, 
-0.293124959899091, -0.486634732086028, -0.195017236708175, -0.185658203563672, 
-0.462461770577115, -0.965989827729145, -0.285445004084185, 0.185053966801107, 
-0.228410414767862, 0.212509730195414, -0.281094459574276, -0.29927834170786, 
-0.340465395323387, -0.298459462127585, -0.771357328691375, 0.0441226705233497, 
-0.391170623510513, -0.654427885504983, -0.267008531484502, -0.430690824960318, 
0.00545705592349156, 0.0225989134231747, -0.380837547327565, 
-0.126908940187651, -0.265304374331519, -0.579257209345849, -0.370312561536834, 
0.061326084781817, 0.129023169766604, -0.116517662850047, 0.0418879860165598, 
-0.54843702024481, -0.481867130969313, 0.0816121871324935, -0.54822763549008, 
-0.611468095281207, -0.113373430851591, -0.438999102292746, -0.381909661208672, 
-0.30546916311487, -0.207734600514218, -0.636746486919754, -0.531215240119796, 
-0.343199025507413, -0.513993377986298, -0.255194735063207, -0.135090624603665, 
-0.321409768302187, -0.570465571067375, 0.222701761046135, -0.248308236214062, 
-0.159451145322047, 0.0576872633026008, -0.0830279886468556, 
-0.360966783168386, -0.330243720016187, -0.969303806248405, -0.516888890625695, 
-0.594711067144644, -0.553388179885593, -0.299546226403916, 0.0469020941998596, 
-0.364644656047027, -0.443091627821279, -0.227373485313631, -0.146441079610304, 
0.0845164990994866, -0.657720172547986, -0.321964035833594, -0.305612425060848, 
-0.209973002446341, -0.241099793054906, -0.170242412439876, 0.106024065137406, 
0.141656614984835, 0.164317798205554, 0.124413182916732, 0.268854687783501, 
0.051814750485828, 0.000980362033612704, -0.212599035424549, 
-0.458858479815507, -0.502244263573268, -1.12213744055450, -0.133244948490816, 
-0.0689005626383224, -0.109552861817377, -0.153512175158892, 
-0.183153555932182, -0.305087638278652, -0.267636394832268, -0.233327535127426, 
-0.0446300396034085, -0.118004846443969, -0.106348383407363, 
-0.267404606771977, 0.0638101951569087, 0.00767831572876942, 
-0.473919500376686, -0.476930522755341, 0.0941083530134575, -0.0617715823165614, 
-0.101034421454841, -0.190687286625232, -0.409520857190198, -0.300931462190939, 
-0.0433944226083356, -0.326340560820108, -0.0914253141389177, 
-0.850650723784067, -0.294889464410254, -0.0507336670694182, 
-0.887894099433302, 0.0773012395735384, -0.528243197971573, -0.55804530715071, 
-0.128085678807705, -0.450880874905238, -0.529973170004724, -0.411205823320463, 
-0.651173085041668, -0.313001896149009, -0.0454263447070916, 
-0.0372527186775955, -0.43959902309235, -0.110965129701220, -0.302581855799020, 
-0.421229758210482, 0.189721782128486, 0.0394225847569168, 0.547423519400239, 
-0.500868358306917, -0.348940788540807, -0.865554679129538, -0.354701610509992, 
0.0680654354529827, -0.535149945073086, -0.349403619802612, 0.0150015669869999, 
0.0638415563718034, -0.358199205451681, -0.617272546878726, -0.402944074839258, 
-1.01583700221806, -0.434377583805050, -0.180225101432498, -0.167911503981105, 
0.0553651006675795, -0.233920467862717, -0.359297853660873, -0.524707818240343, 
-0.394689296583663, -0.0486093994536744, -0.265511560342171, 
0.138663639427826, -0.464307520673355, -0.382189360310004, -0.365355965287934, 
-0.0417977215155274, -0.165256714873589, -1.08003302297401, -0.391712680852025, 
-0.78280582905239, -0.277793520233615, -0.062101279873708, -0.214321589638582, 
0.000812825793200677, -0.122549927078469, -0.475652253740479, 
-0.249400730194448, -0.869536907294661, -0.654829309105188, -0.316707011373798, 
-0.841065236243206, -0.298478990181015, -0.620466380476042, -0.790119758906734, 
-0.629330691495397, -0.169879492042856, -0.33542547326741, -0.0451364282406054, 
0.143820948080743, 0.110542961404494, -0.328255168559382, -0.632580322698872, 
0.132615778845763, -0.436905948472797, -0.979731856551748, -0.796121642336641, 
-0.552426218635542, -0.499105062244033, -0.576009703085012, -0.364934061601898, 
-0.194759750880661, -0.418537481625148, -0.414284128457174, 0.205833017162128, 
-0.539778905931345, 0.127982669164988, -0.0024345616730191, -0.177853320196102, 
-0.336617793871039, -0.226642620254714, -0.158559707527844, -0.530470135191979, 
-0.439257422639041, -0.161557245147437, -0.172514171449912, -0.564238682926108, 
-0.395628079163952, -0.0166858387582785, -0.0960389045225032, 
-0.44417529649607, -0.752985070685666, 0.0823161217264218, -0.607869055968857, 
-0.0494054564259478, -0.100934969506310, -0.260504827441702, 
0.0938156340897581, -0.0869589367800411, -0.105548252226977, 
-0.2407110161044, -0.364463323148974, -0.821260768758198, -0.0542205344776162, 
-0.110588120875239, -0.555149537537976, -0.406726370532635, -0.341946414282593, 
-0.406081614366292, 0.0250377405128316, -0.5729493662301, -0.411390158075890, 
-0.256022789032915, -0.185019741502010, -0.513580567223185, -0.197965916687622, 
-0.283695710892496, -0.486072224707299, -0.330419903784881, -0.440730130432887, 
-0.135108129636634, 0.357564001907774, -0.268064063377148, -0.228389427719086, 
-0.45203750676698, -0.123892668820835, -0.324124238650256, -0.178063510897879, 
-0.399522262735874, 0.209804441638601, 0.0275690739155670, -0.449003017573951, 
-0.662919907862645, -0.641836614249013, -0.754537779182076, -0.511708281947185, 
-0.361849701123499, -0.356505006708438, -0.245530273156696, -0.323685572792466, 
-0.0743108826082777, -0.259562581551468, -0.205361111469727, 
-0.373261333022868, -0.397043841420621, -0.383452325400127, -0.440256457358398, 
0.350017853587962, 0.234007489653877, 0.0582652232026821, -0.192700465681904, 
-0.0423209060352913, -0.414116820991939, -0.139232644302035, 
0.246286739599284, -0.406137973876123, -0.614497069961155, 0.422258365364330, 
0.0909613512311087, -0.375688273771749, 0.214119242256846, 0.31900729374217, 
-0.155937884684952, -0.210422687977360, -0.0911205976961166, 
-0.545506607064779, -0.779118181725638, 0.307096478326879, -0.510556236676245, 
-0.329930545349054, -0.402550883676811, -0.821414397778171, -0.0144350742949723, 
-0.396644754442807, 0.131619094435589, -0.228444254277281, -0.185836802432664, 
0.106039754648720, -0.118143357162778, 0.101913202825065, -0.471483789686841, 
-0.452499861184137, -0.561488136932172, -0.412888948843396, 0.106341504741220, 
-0.553883701159879, -0.812470193276228, 0.0344109691307807, -0.398521066558349, 
-0.119403222065870, -0.194077794157799, 0.0645262751438089, 0.143567426037909, 
-0.208032012286691, -0.81167697486054, -0.279183367623563, -0.233648188299337, 
-0.0287203184146997, -0.557112130336522, -0.306942313905121, 
-0.251155397342003, -0.192545771186525, -0.214172531600546, -0.130630395186691, 
-0.181675582610275, -0.885511623787735, -0.238891797626374, -0.287174202564880, 
-0.335250355887736, -0.15771483481973, 0.155226948350214, -0.0353262318638751, 
-0.114814547170742, -0.547653649052795, -0.0261726026249684, 
-0.0782641286097572, -0.521311268342505, -0.517892905380304, 
-0.697103903193564, 2.98891105549154, 2.80085442072895, 2.70792981247695, 
2.35217489979773, 2.60544435774041, 2.59493556100663, 2.31337258671016, 
2.22120470127517, 2.57361594026532, 2.52191840387981, 2.21304083331454, 
2.2621392828228, 2.45140229655647, 2.52999801114671, 2.87167249354094, 
2.36765155784026, 2.54496650668121, 2.23192420911464, 2.83609568431492, 
2.60112902548390, 2.34898704105115, 2.5305815785627, 2.75217415187873, 
2.76685685198919, 2.69616796545707, 2.73214163676268, 2.73058137932416, 
2.67488783233231, 2.60525025115384, 2.99448175285175, 2.56408493121890, 
2.41622531336017, 2.29548296622294, 2.43370611590331, 2.14124353158501, 
2.37383050774893, 2.7436222710084, 2.64013405146529, 2.66054963465123, 
2.47401440980886, 2.04982804887283, 2.84278727606567, 2.73183738074947, 
2.30569669661759, 2.66823842330324, 3.01153702599238, 2.27711883628618, 
2.38624643879628, 2.65226215718507, 2.40256977712873, 2.73838217020747, 
2.44600456662311, 2.64283177158053, 2.62343336117507, 2.35948611985024, 
2.47636462544838, 2.50877703806379, 2.29212510190723, 3.14269948572481, 
2.69777093646701, 2.49629498304631, 2.40702397972736, 2.80576708141265, 
2.47026821760722, 2.82467394629841, 2.94368473363400, 2.69091995354731, 
2.75291524594751, 2.70858993010519, 2.74890588932637, 2.49844363047118, 
2.58861236777948, 2.96122210021266, 2.53102321510839, 2.35408086209920, 
2.38940789539462, 3.26907894012458, 2.53372920353829, 2.53545364647151, 
2.89108953130016, 2.49277818203024, 2.44099337311768, 2.32744097110096, 
2.03254485099001, 2.34689035182316, 2.82120156857838, 2.61686169157925, 
2.43321260055406, 2.62094186464765, 2.77535011728020, 2.32122427410489, 
3.00061240604638, 2.41848470687818, 2.86823973634002, 2.81420686207431, 
2.60074148212929, 2.71786701831621, 2.39122878218628, 3.07478759017021, 
2.41451582859789, 2.49342248104909, 2.19235041431541, 2.56933349610523, 
2.35080585500715, 2.55807004934364, 2.35870580571086, 2.50036470102405, 
2.94413014153066, 2.49276461989296, 2.65339909840104, 2.53125989916318, 
2.49443866941806, 2.66906286697952, 2.7124888616834, 2.30737826466067, 
2.64602129675933, 2.86669381249715, 2.53426119436938, 2.79919817745076, 
2.63495346280887, 2.77894500221866, 2.81404671839701, 2.71053361987078, 
2.5798530016047, 2.20093585083989, 2.31554107133071, 2.68735806965275, 
2.48999116680107, 2.08954314560598, 2.94810535289133, 2.84122935866786, 
2.26452809586907, 2.6268417001641, 2.79598999794336, 2.91443953929942, 
2.4150443832255, 2.7813836338878, 2.44048179081631, 2.62019073853803, 
2.82142676424671, 2.96777303266414, 2.91659686283785, 2.76460922580598, 
2.55025125841496, 2.59812573370558, 2.69708172242690, 2.47020986819931, 
2.59709417782009, 2.38346739077778, 2.30270491146885, 2.86760411057026, 
2.98659455370078, 2.24644547554785, 2.47757826122569, 2.42212676506006, 
2.64546749774165, 3.02851526207281, 2.98766507806360, 2.7231556217156, 
2.55880434485336, 2.72884957310608, 2.22866850039885, 2.39893773856874, 
2.90344436009629, 2.78732049386551, 2.98682124470772, 2.64375922292968, 
2.81338783219677, 2.31234010329907, 2.38055271319238, 2.60686544011165, 
3.10251643089887, 2.11036435853232, 2.71590195010335, 3.26702054254068, 
2.84646018309525, 2.7879370233342, 2.69211890757037, 2.49578748492538, 
2.57058646909028, 2.66105434991894, 2.38916163821021, 2.77655781515589, 
2.90430587631471, 2.96339382525228, 2.74829689085656, 2.64334131246528, 
2.46192331593007, 2.16356632376860, 2.1833441345322, 2.48075732620379, 
2.2912112202368, 2.27246668577544, 2.27321763250312, 2.66389387955045, 
2.57388698802907, 2.68635908389498, 2.76885708869488, 2.69496010844218, 
2.4179541926837, 2.90042378744566, 2.38920351238315, 2.17376699982486, 
2.8306743936972, 2.46173737996519, 2.54835924588668, 2.97071261564670, 
2.45598265121397, 2.26953290287284, 2.65264071187717, 2.87564658700953, 
2.21631246956136, 2.3299242294302, 2.68860383631262, 2.33749416173947, 
2.70193863375567, 2.21076492164881, 2.74083472041657, 2.49871571479986, 
3.01142992142589, 2.54922488204037, 2.2041413824612, 2.75133310860756, 
2.54972313988326, 2.45247054588069, 2.83151127701989, 2.59530406296994, 
2.68082088042797, 2.72128702084417, 2.32094279571677, 2.55434516293373, 
2.54716850468964, 2.74651625160978, 2.68214444458471, 2.34712838113788, 
2.85569038744626, 2.56694866043752, 2.48778301280628, 2.25610290912696, 
2.56056623088443, 2.22815087015374, 2.55609528604322, 2.58974850989663, 
2.48375184044188, 2.51087527659555, 2.34516257930834, 2.67218971153799, 
2.49363660108339, 2.91844214341384, 2.26806355736296, 2.38101398539487, 
2.69147059307047, 2.92195095252018, 2.68124986135635, 2.70673490736728, 
2.73322837898452, 2.53655153777460, 2.52334056375829, 2.39318432842598, 
2.69598506732118, 2.33628889401936, 2.52193634199686, 2.81421000218164, 
2.62497976740621, 2.37201143074173, 2.83146739895045, 2.43581645118197, 
2.59426038738881, 2.59443054279066, 2.67723299402167, 2.36824672326667, 
2.55410220635852, 2.32741983240772, 2.83961622075833, 2.32005626993809, 
2.71348831802988, 2.59623426885027, 2.68355941896531, 2.48546110833694, 
2.76934147985702, 2.55750165533214, 2.07510989158044, 3.09681098411188, 
2.69764211451789, 2.62555475960879, 2.59591844453176, 2.59327264976975, 
2.63384988876381, 2.14221214366735, 2.48527530145490, 2.36478138813359, 
2.81523201048954, 2.50638013559715, 2.48129370315706, 2.86834894643097, 
2.84678808497475, 2.73182307753247, 2.14183726693807, 2.79059341430154, 
2.0279776115269, 2.68926584564864, 2.36360150104432, 3.06179833535004, 
2.50034767902198, 2.71072330908647, 2.44152395611581, 2.82813700450371, 
2.58731478569430, 3.41001895735268, 2.25386079104604, 2.21549235772464, 
2.50705098775809, 2.45713510646539, 2.17613739645578, 2.64720651600855, 
2.28130157307291, 2.55151532380622, 2.40767775978456, 2.52952461630645, 
2.55021803401563, 2.59941413424947, 2.66037850242552, 2.40744890433279, 
2.52438157638644, 2.86248799043060, 2.44143089711263, 2.55552137621016, 
2.36583009230895, 2.73840257545436, 2.83808367173113, 2.43259934013907, 
2.51795251265325, 2.61937232905094, 2.47148361777670, 3.25561642730574, 
2.72110440331171, 2.79328848047607, 2.26917153328520, 2.93155506467396, 
2.61844512019667, 2.37318684939935, 2.75267398342974, 2.37376876527097, 
2.5780425841731, 2.84609663799972, 2.3896133008642, 2.34802915538737, 
2.63044775837137, 2.56923421755757, 2.55247416192049, 2.67856179669461, 
2.40341241628252, 2.39322933395723, 2.25555348681271, 3.01408057585643, 
2.56638791374424, 2.42723130633268, 2.54987001988064, 2.83661652112504, 
2.41084737523600, 2.18560301027874, 3.39107046407168, 2.78363523305377, 
2.37302515111369, 2.57654442079527, 2.39325092863684, 2.23790552140700, 
2.75184621543674, 2.7687853731429, 2.42842088411178, 2.99606206993164, 
2.68206961506406, 2.93296985342055, 2.42074078270703, 2.86433644171225, 
2.38382504619774, 2.22228250192434, 2.81080672380979, 2.49339635989139, 
2.259480006631, 2.69757424174316, 2.76830064800059, 2.47960586877387, 
3.07332732233053, 2.49751250329614, 3.23381419646908, 2.43828555604853, 
2.50747346855406, 2.12747221921061, 2.53415919560527, 2.89953233045007, 
2.56308748503260, 2.72530141219159, 2.87286692158917, 3.40785986432774, 
2.81783129189306, 2.88089289518374, 2.75873855126315, 2.23907219415152, 
2.87996485311336, 2.65236738041872, 2.47403750560297, 2.55301790876685, 
2.48638847507613, 2.71038751878366, 2.91599653602193, 2.91528762594727, 
3.08465406951448, 3.09470052700639, 2.73077126062723, 2.76135637244025, 
3.0094549623488, 2.93936355994539, 2.51682560446918, 2.28623836001072, 
2.44143070305479, 2.8119312440852, 3.09016237308469, 2.61977689771367, 
2.86781474508721, 2.53686679808348, 2.72891430127509, 2.45251302141304, 
2.50374040204564, 2.04013920226606, 2.58398297127438, 2.98685777416044, 
2.48257874376656, 2.45713424413751, 2.75901800854610, 2.63776630177587, 
2.51155851751925, 2.24945284984196, 2.71304080843356, 2.66294647170929, 
2.42292241446751, 3.19693798115045, 2.47240489786356, 2.67284964539042, 
3.43392984593227, 2.74668204520088, 2.87525711088096, 2.51863132400389, 
2.35525954510696, 2.67443429334206, 2.55826424233644, 2.56438493664129, 
1.92447536176321, 2.60566490729366, 2.49873090086332, 2.50754417993569, 
2.50161618342439, 2.52541803763665, 2.73018527657794, 2.99946220434041, 
2.57444795325034, 2.46285870612165, 2.56045614886491, 2.70633683062993, 
2.91425461722946, 2.86188652992791, 2.55393746549869, 2.90586890276674, 
2.59062735599348, 2.99017126055138, 3.07755592218766, 3.00941990383034, 
2.55722990983817, 2.81421078609355, 2.04517762754333, 2.08501033360171, 
2.47946129271008, 2.01675435028121, 2.38784613130184, 2.60154267677203, 
2.74152205318577, 2.6959464633759, 2.67583852293889, 2.82406680457128, 
2.74212230982374, 2.48153656597761, 2.33590292855381, 2.78858681461396, 
2.8613838845692, 2.54246977515245, 2.17434973897993, 2.52357815943147, 
2.37700062014453, 2.88742278032662, 2.75647223306602, 2.72077803549871, 
2.55586804771947, 2.47943155076013, 2.98878760845642, 2.08929030795306, 
2.50605726788648, 3.06473860026375, 2.7803904607136, 2.78355677321761, 
2.59550622713781, 2.29451683220284, 2.33161102794527, 2.94533198366612, 
2.64846635883199, 2.37157356031669, 2.65130279902305, 2.48792759840883, 
2.57968930245855, 2.5533514010978, 2.67732121875171, 2.76402734732189, 
2.55755119941202, 2.52890493929183, 2.70945424984929, 2.90746256821394, 
2.49132526601293, 3.10778837730827, 2.16702806911037, 2.38169016597033, 
2.69097835882505, 2.68418688049319, 2.97487566992836, 2.82318035463031, 
2.96002336328136, 2.51328268776186, 2.19875667891584, 2.89518328601718, 
2.50126307040882, 2.79327824217521, 2.59204076193085, 3.10550455335299, 
2.69008341349578, 2.68937075374734, 2.35971183326584, 2.63558139805342, 
2.40779933098208, 2.64629662345818, 2.84842073024977, 2.67293371647437, 
2.57226665876834, 2.68260793234797, 2.54577448824604, 2.83732137444317, 
2.74684860833382, 2.35656205206794, 2.61965157933545, 2.70354749105771, 
2.25727635289822, 2.89318914839826, 2.80262995717745, 2.61822381542519, 
2.51503622874835, 2.94046487268703, 2.32535890290479, 2.43743365560745, 
2.56966894326076, 2.34828600955136, 2.57628926421929, 2.24221973769157, 
2.20022693917028, 2.69677913676458, 2.25739362407008, 2.66071683409321, 
2.64577651537148, 2.34968484117511, 2.63055585077154, 2.94076397060410, 
2.93500337171162, 2.4162858813794, 2.36634189672696, 2.54188145669511, 
2.91038622761749, 2.54665162708064, 2.56658851627357, 2.4060181263475, 
2.18989001650916, 2.42461995565496, 3.14367799794689, 2.7004676105405, 
2.62214137672636, 2.62081551137688, 2.5314362259512, 2.37007272435422, 
2.41054479160221, 2.41977587135334, 3.17501395552935, 2.39010039384663, 
2.41379998893022, 2.50241443427846, 2.15604568994347, 2.89462405521495, 
2.47013712246221, 2.83821595023874, 2.60105205785837, 2.51396130502370, 
2.31357363899413, 2.46853680946553, 2.59025362437888, 2.64304859408356, 
3.00656928416183, 2.87468576533055, 2.77062835426047, 2.41940845970045, 
2.46474121210756, 2.80695177745712, 2.59039382159845, 2.59658602330611, 
2.71274695507981, 2.88291681631431, 2.95010193887229, 2.51220631987648, 
2.98052947677233, 2.40576941731693, 2.39359015778333, 2.67946667582047, 
2.61095252990503, 2.94155369147023, 2.37182953270364, 2.41400467770047, 
3.08212134960162, 2.56532257912403, 2.37964947314475, 2.49377960501660, 
3.11219632293332, 2.59064923615428, 2.89284474274496, 2.82426827186834, 
2.81149137687126, 2.53309809566794, 2.49689426084737, 2.23155829988765, 
2.61102693885347, 2.64848296480669, 3.15416391276518, 2.68670960032622, 
2.69037737241068, 2.82513483086524, 2.7289268471485, 2.64368829766943, 
2.48824189548967, 2.28957163762628, 3.16391343723391, 2.61835472380579, 
2.35501524229807, 2.70322888100577, 3.3184306265545, 2.56901711768748, 
2.27693258370658, 2.90491601522274, 2.41677336263236, 2.62240593318413, 
2.57829220926445, 2.41397232003449, 3.17082241873368, 2.51227651207751, 
3.22145234105103, 2.85424262419703, 2.62114398830680, 2.83352859306081, 
3.10437715819708, 2.41242473291835, 2.57811725562302, 2.33187491116232, 
2.41047777347482, 3.51571490475538, 2.26536729086978, 2.50332969185180, 
2.55047117382708, 2.86806675443277, 2.70216134461029, 2.47663857153495, 
2.78724747398222, 2.12479710599753, 3.36688662462361, 2.53710417905734, 
2.31021084757278, 2.88914629316966, 2.54795518404753, 2.57734926416518, 
2.88816713392294, 2.46689045116728, 3.19949366703131, 2.03237384546245, 
2.63550238647174, 2.54825884387234, 2.25090081727621, 2.50545300076111, 
2.41775692627355, 2.47585188254540, 2.20334229511983, 2.71811998698760, 
2.57028625558839, 2.44689559649634, 2.99805283058489, 2.83091875061062, 
2.45587812399946, 2.61960640901299, 2.93987554219298, 2.85518859846919, 
2.77670857226849, 2.51774193438551, 2.67274076512966, 2.49722082931476, 
3.00246828182118, 2.64097114538379, 2.52826491854829, 2.55002238128421, 
3.08443163760639, 2.54958745870490, 2.76031479773809, 2.71466323450071, 
2.47749364073445, 2.39654941289497, 2.46205932297447, 2.61025792442651, 
3.17738478059885, 2.13254765321640, 3.05576935647811, 2.69897403028484, 
2.25924974592065, 2.48627764030049, 2.89124822833914, 2.26202307429453, 
2.68168420900911, 2.5543673370615, 2.40783288849442, 2.446574371882, 
2.41678272742518, 2.70207625061916, 2.53403250113832, 2.44343731562588, 
2.71232032709955, 2.70847985873934, 2.57458450728636, 2.44494792775529, 
2.29775396177351, 2.19017330041563, 2.49714837881439, 2.01017789410988, 
2.26632721592164, 2.58139924250265, 2.75859003853953, 3.64417446506684, 
2.39758467688093, 2.80868604449879, 2.65706188865592, 2.39750495794123, 
2.12219999397856, 2.31739218119857, 2.56739862389306, 2.67623720848394, 
2.36275798290081, 2.29551200453514, 2.53523611413674, 2.77711926375647, 
2.4529379903365, 2.95002930574201, 2.66806922227203, 3.08163387321095, 
2.17776784422552, 2.13399907116999, 2.22515626700086, 2.76194788160984, 
2.75268331740743, 2.42351192043742, 2.36720374742107, 3.00348479034222, 
2.27975633606658, 3.04110570689122, 2.64144812084825, 2.84609589899426, 
2.46896212346173, 2.40879596862760, 2.43071258945245, 2.86565062890498, 
2.46599579814809, 2.64236696016071, 2.38631584326062, 2.66848427916327, 
2.88963298348053, 2.25437627202547, 2.53147916587827, 2.44298046296218, 
2.74805882035178, 2.46035818392261, 2.82843360348477, 2.65642513291579, 
2.33645810508484, 2.57366562551408, 2.65590446006070, 2.6770014792404, 
2.42845990503675, 2.76195752733126, 2.7086504522424, 2.19567019273023, 
2.82950524260396, 2.24996452409318, 2.40146673874030, 2.53942282345717, 
2.78920244759489, 2.79072806969251, 2.61290887325759, 2.31580211817069, 
2.97458117597624, 2.57737847798421, 2.19895878845268, 2.68467152437029, 
2.78040969071203, 2.69652020296703, 3.06868840819581, 3.0033400748671, 
2.95792525637197, 2.89131000804300, 2.40143858232900, 2.43445854272076, 
2.89649985814545, 2.52536012766166, 2.34379936442129, 2.29966155961464, 
3.18605583583868, 2.68329551324858, 2.93435437149784, 2.51878224435921, 
2.22872237934948, 2.2395215341196, 2.40487516642733, 2.41063027852485, 
2.14643724266773, 2.16425125590048, 2.97983901307840, 2.77732923526827, 
2.2681014646368, 2.95966622773108, 2.76359275729814, 2.67227643808018, 
2.89105834079175, 2.51131209026325, 2.61015011975286, 2.77411385332242, 
2.10128517147263, 2.71199092908715, 2.48148574708161, 2.56582375690871, 
2.61969904589547, 2.79609168449920, 2.99139414108383, 2.79445400588864, 
2.85857354593185, 2.93457159537170, 2.90236558841464, 2.63764929871106, 
2.34140629735331, 2.49496158852517, 2.58060723214424, 2.63442863093439, 
2.42373702802715, 3.03473008985303, 2.34579500296889, 2.75611149421453, 
2.39309010516867, 2.74678389552592, 2.67622544980525, 2.29228477620365, 
2.65076499903057, 2.21156954298918, 3.12128445876620, 2.48629136380706, 
2.45839932253718, 2.35944159722505, 2.80828019541358, 3.04742395750669, 
2.77976866501809, 2.85999124672290, 2.54456703175031, 2.59022685851929, 
2.51177107378485, 2.52043415456679, 2.62429650864381, 2.29111899760866, 
2.57588790364298, 2.12456997715262, 2.69074820486432, 2.60686878762487, 
3.20018992717346, 2.11589841440787, 2.59045148954311, 2.94995579033918, 
2.75669317214959, 2.74976982913087, 2.421002993174, 2.09830682609907, 
2.71563692952959, 2.47894009150727, 2.58000765746504, 2.62173186277863, 
2.68916874351571, 2.17044522643192, 2.83628628367613, 2.45279512694695, 
2.8261011669644, 3.00843970801868, 2.19405686468637, 2.16168647940396, 
2.99471941811446, 2.93601388774454, 2.79673533415492, 2.57716408209457, 
2.71499693259615, 2.53800877257014, 2.46955724010116, 2.40423846568987, 
2.61075328769201, 2.91055216348463, 2.70694193357288, 2.54415771190687, 
2.65892785073095, 2.67917110832527, 2.37442633741533, 2.23013285915107, 
2.30953968095681, 3.29867290762169, 2.24172226961393, 2.4453424574399, 
2.82025024910597, 2.32986374498731, 2.59174507067965, 2.53248968643280, 
2.70548480336294, 2.61515024202005, 2.64009105201393, 2.36831484086675, 
2.51570055014758, 2.32583605206434, 2.75883307303518, 2.97257755216222, 
2.22525842418025, 2.69429909938977, 2.98157131354239, 2.47355487012850, 
2.50756572438201, 2.37457218157557, 2.12902030113399, 2.25633345971236, 
2.41529970950918, 2.85907074138084, 2.53420704486121, 2.35011336365501, 
3.04275869366145, 2.75478709374024, 2.77092575294812, 2.47543146035439, 
2.52915006442119, 2.72874221885968, 2.51394696245837, 2.65347588187911, 
2.81680994124024, 2.60394406979158, 2.78786510551734, 2.53216711894503, 
2.07586324313026, 2.76301039418046, 2.70150034009499, 3.1949885636745, 
2.43529394134303, 2.58783467922103, 2.69528614097421, 2.96383379816674, 
2.94880397752884, 2.33832881228596, 3.21984772000748, 2.46778594291523, 
2.91964828380968, 2.67607464929598, 2.41721443569311, 2.3666367608012, 
2.68251900753786, 2.94395296765198, 3.02268799133592, 2.50547239081235, 
2.32837076418254, 2.74855482091734, 2.49434451457341, 2.6342012173206, 
2.66181121947168, 2.28756308769767, 2.26870006877324, 2.48194142136791, 
2.38332534074872, 2.72268797326059, 2.43856902995578, 2.57153761164673, 
2.70588508918834, 2.38885663757147, 2.51395276056348, 2.84992218321149, 
2.51065025384806, 2.47608013104767, 2.90900639535878, 2.46060652783270, 
2.58598478531167, 295.769577260352, 258.442278181399, 416.253621755811, 
370.047050375484, 485.54128070507, 919.461549436793, 280.67525032184, 
522.750606727104, 422.101062953923, 369.031345697782, 365.547896097515, 
354.407742943997, 232.849166631647, 613.080161294915, 442.252111757448, 
407.003995677479, 236.483437781023, 386.220792590011, 434.169682502036, 
685.779218538342, 490.210015896754, 300.131378609709, 566.015059957561, 
359.648526781758, 592.945341704523, 606.07108766921, 357.538110594453, 
252.648124638792, 354.710680252757, 447.002803741805, 245.572739014906, 
213.626230583305, 312.275007532299, 472.851483113076, 512.010875383839, 
415.996959963737, 455.928971733848, 500.281886381967, 452.528367290839, 
591.717956293968, 349.119836340469, 749.700816773027, 193.305760097924, 
795.073850676676, 392.26863483574, 616.906237174176, 325.332514297883, 
342.005389719651, 467.428344224261, 709.186577316369, 348.948182019846, 
475.60814055807, 734.349733264368, 978.722290737088, 231.522576199619, 
197.358350519665, 578.383155548664, 231.845986417471, 311.60604514158, 
544.672451375366, 703.264088362466, 442.813662256149, 393.423805789808, 
1070.99505027335, 209.802059841486, 247.507138060465, 693.198815786466, 
502.150178686087, 481.669278777045, 466.430461606873, 327.864501885276, 
430.827695953604, 294.152540206184, 470.906766391474, 264.706670289022, 
311.620624747486, 286.530150143777, 566.037127193139, 446.206261010176, 
563.005636220947, 226.758750509769, 524.16489361327, 386.353031988238, 
444.916417386295, 456.41530729351, 393.200925703706, 558.275506159111, 
411.020764358063, 416.560813872994, 391.776791425734, 222.313955438090, 
588.297891120743, 267.444568945586, 627.366561960337, 360.665421031425, 
370.908504221787, 374.52857366681, 217.148204681255, 818.523359979893, 
354.082734514320, 418.286461314433, 505.424415677058, 379.555247364051, 
491.690809745941, 481.579455303031, 280.140424016007, 683.350064303608, 
228.913776737111, 649.490823782528, 557.660338611159, 629.41586454548, 
546.664894469039, 468.576024327087, 360.598980384406, 663.132093415201, 
311.806131886686, 333.682673256785, 421.83567997668, 651.537181245215, 
497.012580938978, 872.849057000427, 317.684805334542, 497.975468225629, 
268.195446398981, 437.878360226563, 400.295167875639, 380.688154486154, 
581.251609045853, 295.728750092546, 302.961041421815, 445.789283052166, 
179.059136719820, 315.536548389248, 711.797571581788, 651.499030993762, 
345.88315383118, 450.961697957031, 521.883158954513, 746.874016599473, 
380.219406889097, 296.568673677898, 304.302908763384, 432.382720467702, 
830.220984583037, 248.936510664514, 572.470442911326, 499.415203161238, 
194.950813368731, 640.438181041484, 423.182265270230, 580.672414835211, 
366.149744273131, 268.044736025333, 444.224806298657, 316.450440517515, 
576.136579189584, 342.347896574518, 568.604935088305, 343.656290566683, 
345.12788712267, 469.9383035393, 256.844009855079, 537.696552119729, 
745.4657521983, 538.81329313064, 563.272465517822, 245.859284909896, 
760.775318850135, 437.479819557098, 612.209434482493, 223.952728300663, 
422.990682685914, 371.434322455356, 512.795316642304, 573.183122177507, 
844.550598795879, 312.948175770941, 255.732902420563, 503.599186713785, 
345.345635734536, 579.539109743898, 341.007682070661, 744.854234959971, 
318.040496754244, 487.667146077263, 313.424621762756, 608.900363751896, 
261.560574567941, 317.879128332205, 624.675224765723, 250.193806917528, 
399.702604007202, 247.988135901065, 281.945522670206, 713.483646556717, 
699.670510656666, 280.679771876362, 893.172232328695, 304.700874850799, 
218.914594179448, 608.681092603405, 328.533573742158, 408.320032409411, 
328.96966173462, 835.717215762295, 730.650472357858, 488.228362709678, 
226.225584822881, 425.735266202770, 337.171370718571, 842.761805598786, 
249.159852251961, 282.196578800023, 290.857511735273, 455.65271689777, 
546.465387698858, 371.176772444105, 365.584020870969, 406.231358725728, 
340.499158699289, 424.688141251416, 260.23208984445, 440.159600936928, 
250.644585268721, 751.035847547344, 424.502521606891, 352.975143153565, 
320.011017701272, 508.289235191341, 282.951941249502, 424.486655148145, 
257.996822427541, 615.68126740263, 393.718270683543, 388.428953299098, 
262.680541238967, 377.571731511078, 405.414643241078, 861.000371531202, 
379.899231725116, 263.025397062069, 933.783722319657, 269.344899209952, 
773.041600956387, 550.007040365853, 398.735989554415, 648.139351039717, 
206.305959992936, 355.197810872296, 774.994178400191, 466.59627486008, 
526.273684106504, 634.055416802223, 257.137799704852, 211.882865433909, 
383.593857862634, 536.068149112920, 254.926791764, 405.774684793063, 
217.549468164838, 196.284541152186, 346.915791655222, 573.980203309153, 
660.425218523568, 405.907465229668, 714.344714942813, 611.68312459667, 
211.715563651899, 211.916333247759, 367.890630679577, 570.565543891798, 
505.120509912514, 203.104924629450, 563.233507749854, 291.472667696374, 
704.207308755656, 332.731505095287, 561.260998292879, 370.577867298805, 
884.478853153718, 281.564753677638, 303.066090942126, 712.927890859466, 
428.766428876795, 241.196233062812, 311.613376455413, 444.330426480323, 
755.27907760977, 625.449160071734, 361.157052915103, 721.384648868679, 
352.869931082804, 454.39454714746, 610.043669453383, 346.800369341638, 
439.582042069, 704.037966834948, 500.03571847247, 225.340620791527, 
389.861242818555, 277.460549334746, 188.461687431588, 229.686179003999, 
287.471432285113, 547.908238855975, 402.080902686039, 507.101402245878, 
878.070163051315, 666.805219880468, 440.412557528997, 273.375284831433, 
244.596535897907, 467.289826972560, 700.591126339075, 411.323454238551, 
395.336194992553, 591.386949010875, 213.440279978832, 437.994059265498, 
292.120213387518, 783.74688205377, 285.876287967732, 455.389028208106, 
440.467563987465, 360.672572540798, 214.580644561695, 532.908718606533, 
417.294608900543, 611.627738799432, 584.16549306442, 170.694909147100, 
238.591562209487, 756.396540260192, 532.722737571892, 462.874857865872, 
683.674908835708, 255.507351395642, 219.445398565313, 453.207323005440, 
500.21053028669, 180.776025963923, 890.002461612523, 314.641808075511, 
323.807086754515, 505.140348326039, 447.863038165760, 656.281961111763, 
267.851319833814, 1016.25243258387, 249.174162097344, 247.685870567022, 
273.368496483515, 326.688583805643, 278.494551354739, 302.752857355136, 
210.575268918151, 552.341225754831, 211.882695822230, 459.548566280976, 
668.747431925676, 247.636591074281, 719.518936430798, 407.084410861693, 
308.017333224376, 264.827315523805, 305.155264203015, 281.162109654990, 
505.840869633023, 1104.37714814465, 524.424319338488, 897.321758495455, 
470.891593983499, 374.723951582415, 284.160658788075, 559.440975716326, 
227.647183485866, 344.149366505906, 309.469703956681, 316.44054747973, 
434.577521452333, 510.121898591963, 589.947188575107, 439.550812557928, 
446.619643886413, 330.580525491434, 792.620192115632, 735.02911934278, 
407.408330680622, 474.885980861779, 575.468204518401, 725.724201569513, 
457.863322571064, 559.283040087701, 569.639501467603, 445.694440475162, 
388.120993496047, 463.013795889456, 179.097504918802, 1023.63411613681, 
596.000316377255, 454.573303084020, 812.664466768827, 547.921386938158, 
613.984562739089, 557.671320667449, 805.187562945804, 327.162169980888, 
427.808755853799, 742.960847821719, 518.653973175537, 288.542608820015, 
377.975029090272, 406.147290080661, 586.148703280674, 236.801770729654, 
451.947162993719, 615.360637016139, 507.531262057731, 257.31714251558, 
868.155860076102, 463.582956936528, 399.828277001414, 384.516077690771, 
549.435662856538, 356.692386769501, 458.950046326655, 945.422154398002, 
590.098613943494, 237.681404249309, 333.128346460550, 422.644385643289, 
481.783703892652, 277.732713453571, 325.083147373345, 359.416624642875, 
601.078485830891, 738.78581146545, 572.370028970201, 546.963232110582, 
540.066238136102, 725.816391491492, 361.885618294877, 287.385846465203, 
687.698714758807, 374.699387326536, 514.83835249056, 277.613073123357, 
275.895064040799, 282.209315560194, 618.140698039225, 345.648054801124, 
464.80366860019, 548.974111717011, 260.344398615113, 443.443745841096, 
383.610211625655, 631.52500432092, 502.952898335667, 442.549616219323, 
452.993163255087, 280.776610512194, 328.638086799659, 392.466719326614, 
282.440719953841, 613.845817949643, 249.011955405593, 523.704880880925, 
724.033936294368, 344.744857694839, 387.671373184536, 213.23867024671, 
430.653751509648, 153.592212296475, 204.770262259374, 249.543146131448, 
390.86706769818, 559.352475912499, 263.106966015992, 217.347072894399, 
320.428754993862, 214.747714964507, 329.468764841688, 468.509654739443, 
415.431258977321, 415.796496026163, 207.301924243883, 499.928345434007, 
312.361862361615, 657.352119010324, 246.224475007956, 699.649149185574, 
543.765743932145, 261.826006626955, 416.881724981064, 346.277721450357, 
703.02995492961, 530.787604505973, 678.534622641885, 292.601642591041, 
968.921702748738, 489.159054521924, 339.992424487570, 273.342439939494, 
530.228280690117, 365.882205071215, 667.876380811553, 292.895544131671, 
446.927200598199, 607.959667222313, 224.391038011185, 783.145235257014, 
565.589245897218, 286.157254763583, 384.993283676052, 359.408877317488, 
561.072372812776, 227.244454071089, 486.521117942387, 581.381911821877, 
503.117251360237, 317.612406251115, 356.276404379824, 408.894749344428, 
281.52352910159, 551.450194647976, 337.963667842032, 487.947625988673, 
297.915518198798, 338.622988640819, 325.984107021068, 397.503837014333, 
258.752440831871, 410.258157319937, 491.807552022905, 391.810123106001, 
599.983056399246, 770.016257122286, 405.079893992917, 584.679726186946, 
245.127381311692, 447.028194862386, 733.235337071946, 403.917213682338, 
338.120063774532, 238.202824948043, 413.979968920214, 491.763175187594, 
261.382122187229, 416.28796659008, 520.733909577578, 308.203004264464, 
712.702029303447, 641.689605952646, 404.235477686498, 269.267164623545, 
458.381958629826, 384.467398631086, 284.683689867221, 360.511482123001, 
341.794122173438, 865.933693836412, 420.790901032621, 400.817857390306, 
450.137152435211, 216.506139930202, 457.018265938373, 384.233973425352, 
496.823509002216, 572.455247899075, 239.830298813874, 375.061863315983, 
301.519098257421, 607.08675871248, 288.196913812349, 270.383937079657, 
263.290476599352, 205.808276826103, 311.493691772519, 671.253002635132, 
645.020100583956, 401.164460296121, 375.155800378672, 427.034708111291, 
257.728975971038, 246.805282292234, 310.766405162379, 352.520984174536, 
342.174554442006, 336.972447269367, 259.549133928235, 515.687692674305, 
525.779197843595, 426.451646401129, 321.371659251853, 456.657734133303, 
703.963365869732, 255.112173132343, 363.684790375633, 514.031292986263, 
644.019807531125, 308.734481836458, 297.254776552912, 565.59000997919, 
398.926102112796, 215.324937793264, 459.609120902197, 460.759729166298, 
218.043861975399, 491.355749705068, 651.716148428506, 519.377117988014, 
652.356301269351, 225.740312702468, 296.697500976800, 369.926737983644, 
523.664436743041, 342.613022467247, 468.320486586277, 233.446796457153, 
642.501063289075, 507.582505549963, 306.515566405509, 397.535879930413, 
256.953072519285, 402.679324947193, 494.626657132487, 844.78155967251, 
211.740593768969, 388.821787239736, 265.152216075151, 306.933434947515, 
403.150031812549, 400.817581061634, 282.629723846041, 345.865089791708, 
254.511622981317, 309.771420887714, 474.741390821119, 520.235547081911, 
647.919211442252, 877.127737267303, 862.056554603814, 592.863676666308, 
416.053076788181, 252.011592477575, 247.468809007842, 407.372898966625, 
161.208680207068, 541.891672611613, 253.179831586028, 448.007880845161, 
368.475045757860, 912.814050683238, 412.461314575076, 503.675264792313, 
445.521140434479, 769.479860789287, 402.76257182264, 560.763731388454, 
490.200200501696, 448.007650464643, 469.193874361291, 540.898958015548, 
326.059175785577, 636.906278765192, 659.447321518877, 458.74116535525, 
456.505230950475, 873.256619701777, 308.436355410747, 454.380839121828, 
409.334589701365, 359.623921811057, 380.345098296089, 526.020291039785, 
193.532302358639, 361.864464810629, 335.659140256841, 365.602262909347, 
825.953282605116, 411.353077288136, 595.184319726087, 249.007673514009, 
578.247931550368, 420.041323992107, 321.471829900969, 718.9969053752, 
775.516534898112, 626.081332797745, 246.332439297091, 325.278660345687, 
799.948305160144, 403.806391758762, 279.285585685038, 238.487320829593, 
398.317545538783, 393.085422570977, 607.850563274624, 294.809352193892, 
742.411536671511, 201.253389530336, 200.372737115223, 281.907029394397, 
440.021039155412, 395.713124213611, 241.896341058206, 444.224646818965, 
424.02989275288, 387.775385678639, 323.624676827027, 391.883315762742, 
648.177459057773, 230.961905279501, 627.372713289736, 603.685531509851, 
452.413308705906, 243.782495488392, 513.997456316066, 353.682559285484, 
371.779709209593, 671.37885978943, 361.818001498577, 614.414905191986, 
1034.87868807272, 659.307110232385, 379.207036999388, 362.640019737526, 
529.990307095646, 419.252933590868, 366.416748289981, 720.478291931332, 
307.069260352064, 946.536582973936, 910.29446567599, 521.009324572172, 
475.227248607899, 270.013716491954, 792.271595324924, 480.970167627315, 
224.558006688844, 224.548855264018, 478.822907733591, 626.155046547599, 
389.822884091115, 878.366446523842, 551.7835181471, 278.337171915397, 
212.259603440419, 296.761466813032, 690.720038528238, 699.490899014255, 
312.785187101785, 994.69765760922, 522.34247713409, 717.553725315832, 
321.784947191437, 434.212209820167, 481.502105624205, 541.772911806735, 
253.803401575073, 217.459988639942, 256.717348390675, 339.817838984595, 
272.097303047338, 577.663180142356, 573.892317485799, 475.844389505059, 
485.135756596114, 266.971712975017, 345.338793942677, 333.658480631457, 
381.097963470745, 298.262887547348, 559.943782858683, 421.365988644303, 
503.530015929301, 265.072989979701, 199.836783017234, 510.646342811253, 
380.899568236042, 274.808863125018, 447.617337909586, 575.366422363562, 
365.900579668863, 538.8938115424, 597.158189794174, 513.769525030696, 
438.997455952011, 499.197720365005, 721.172498979934, 404.267261451927, 
352.851585968978, 445.930292372689, 654.898973434277, 229.012886103161, 
224.763890698819, 316.189775761773, 895.094042480332, 368.042858085626, 
499.477548787238, 401.268232477667, 206.13287330549, 278.622217780887, 
529.930071691902, 386.482287702324, 355.958650442017, 800.020299930785, 
338.609126633886, 557.716309621835, 382.514099924178, 787.406917234798, 
751.375522803243, 420.178287819110, 569.981072685366, 208.953052164811, 
601.197496173038, 682.998416487955, 572.642745957048, 264.081909061595, 
349.310612071566, 251.632707728825, 219.101748930515, 592.722120005621, 
534.084419689369, 515.426453739007, 299.358599003339, 411.697535482324, 
249.345254099044, 459.890415842463, 273.313214969098, 476.687038788271, 
281.549349332128, 285.393303449821, 330.934036845338, 313.582056552665, 
251.623671959557, 224.299772343788, 297.81904097518, 549.193558492649, 
434.292851373942, 430.414634052049, 520.071922339488, 221.947228184093, 
296.045405413447, 611.583546755505, 256.000941982355, 192.486720907594, 
251.094430005564, 589.351442894951, 467.765431718071, 478.100727559351, 
271.516133726491, 515.804768526533, 463.919251219201, 208.955639219658, 
774.535515417357, 576.743783561588, 802.94937890778, 720.275023640448, 
540.133527061259, 482.866857049519, 424.274464537895, 485.243167396993, 
323.088722617993, 212.524389033234, 544.22506362638, 389.482459669977, 
321.061533870839, 443.064059372492, 546.87819760577, 494.246232480667, 
509.854841809546, 605.293446971869, 733.813634963299, 410.574128336834, 
323.710995367206, 358.794583390733, 268.438692304446, 586.448769472253, 
250.287867704443, 419.704588968893, 654.134170006111, 470.121480192511, 
421.214767603819, 397.062570517059, 637.339121760172, 230.271814662645, 
626.753078847086, 365.410699040638, 321.30937621016, 270.194697421236, 
628.854474108296, 293.705562902344, 407.176352591452, 498.804716385886, 
415.846017322738, 245.056778416126, 566.686194210191, 316.889291336602, 
355.718406005872, 447.508233610868, 589.207347621669, 410.112247387247, 
490.032970691831, 450.692228238354, 430.122367872146, 331.473109597541, 
293.650490141491, 413.30335868928, 251.630421282871, 566.184095385511, 
635.084444595307, 547.879057223447, 224.497505651831, 339.111651633936, 
222.813797147879, 370.349050159826, 416.291448105896, 553.326483938933, 
190.517830715868, 432.791035089584, 434.297036838677, 422.554431186942, 
840.776387944714, 210.465428816831, 373.624867429426, 305.599966477088, 
511.722103387388, 444.418917559872, 452.665012475689, 299.031851782968, 
444.515682933538, 215.497600974317, 545.01902661527, 346.028305346492, 
286.947965258722, 314.95490180336, 496.002210518823, 598.105472049611, 
538.259533633129, 423.706614410152, 330.589082212606, 286.293861956068, 
532.190136359005, 728.449591801854, 282.79541726611, 658.726999924501, 
284.088482091716, 790.461353053168, 381.822352762054, 236.691463412873, 
422.439658854796, 375.943635109703, 781.831628528583, 447.787913154139, 
273.784752894050, 255.758316723172, 397.196761731662, 393.201461291548, 
468.473243127059, 544.094320555709, 662.895849785609, 673.056523093641, 
315.978126591759, 338.203530987877, 489.643306221576, 785.290757186427, 
234.753034427276, 236.843570827457, 653.416734742369, 254.901770672825, 
458.082625830744, 244.456634334111, 288.836165257786, 247.252532903599, 
285.664933887150, 338.430574728969, 843.287480011497, 578.757465523633, 
445.868622013412, 467.136312473766, 314.330263271166, 666.084620204089, 
698.459918391296, 324.854680435490, 198.538374392391, 320.087200127977, 
229.208933598839, 402.122011205826, 257.006209001643, 480.496862738849, 
450.912452589358, 303.193229316803, 272.760048445831, 607.55127115969, 
552.590576291077, 394.924777490372, 214.269930595632, 683.037655358571, 
190.650175442625, 0, 0, 0, 0, 0, 0, 0, 0, 0, 0, 0, 0, 0, 0, 0, 
0, 0, 0, 0, 0, 0, 0, 0, 0, 0, 0, 0, 0, 0, 0, 0, 0, 0, 0, 0, 0, 
0, 0, 0, 0, 0, 0, 0, 0, 0, 0, 0, 0, 0, 0, 0, 0, 0, 0, 0, 0, 0, 
0, 0, 0, 0, 0, 0, 0, 0, 0, 0, 0, 0, 0, 0, 0, 0, 0, 0, 0, 0, 0, 
0, 0, 0, 0, 0, 0, 0, 0, 0, 0, 0, 0, 0, 0, 0, 0, 0, 0, 0, 0, 0, 
0, 0, 0, 0, 0, 0, 0, 0, 0, 0, 0, 0, 0, 0, 0, 0, 0, 0, 0, 0, 0, 
0, 0, 0, 0, 0, 0, 0, 0, 0, 0, 0, 0, 0, 0, 0, 0, 0, 0, 0, 0, 0, 
0, 0, 0, 0, 0, 0, 0, 0, 0, 0, 0, 0, 0, 0, 0, 0, 0, 0, 0, 0, 0, 
0, 0, 0, 0, 0, 0, 0, 0, 0, 0, 0, 0, 0, 0, 0, 0, 0, 0, 0, 0, 0, 
0, 0, 0, 0, 0, 0, 0, 0, 0, 0, 0, 0, 0, 0, 0, 0, 0, 0, 0, 0, 0, 
0, 0, 0, 0, 0, 0, 0, 0, 0, 0, 0, 0, 0, 0, 0, 0, 0, 0, 0, 0, 0, 
0, 0, 0, 0, 0, 0, 0, 0, 0, 0, 0, 0, 0, 0, 0, 0, 0, 0, 0, 0, 0, 
0, 0, 0, 0, 0, 0, 0, 0, 0, 0, 0, 0, 0, 0, 0, 0, 0, 0, 0, 0, 0, 
0, 0, 0, 0, 0, 0, 0, 0, 0, 0, 0, 0, 0, 0, 0, 0, 0, 0, 0, 0, 0, 
0, 0, 0, 0, 0, 0, 0, 0, 0, 0, 0, 0, 0, 0, 0, 0, 0, 0, 0, 0, 0, 
0, 0, 0, 0, 0, 0, 0, 0, 0, 0, 0, 0, 0, 0, 0, 0, 0, 0, 0, 0, 0, 
0, 0, 0, 0, 0, 0, 0, 0, 0, 0, 0, 0, 0, 0, 0, 0, 0, 0, 0, 0, 0, 
0, 0, 0, 0, 0, 0, 0, 0, 0, 0, 0, 0, 0, 0, 0, 0, 0, 0, 0, 0, 0, 
0, 0, 0, 0, 0, 0, 0, 0, 0, 0, 0, 0, 0, 0, 0, 0, 0, 0, 0, 0, 0, 
0, 0, 0, 0, 0, 0, 0, 0, 0, 0, 0, 0, 0, 0, 0, 0, 0, 0, 0, 0, 0, 
0, 0, 0, 0, 0, 0, 0, 0, 0, 0, 0, 0, 0, 0, 0, 0, 0, 0, 0, 0, 0, 
0, 0, 0, 0, 0, 0, 0, 0, 0, 0, 0, 0, 0, 0, 0, 0, 0, 0, 0, 0, 0, 
0, 0, 0, 0, 0, 0, 0, 0, 0, 0, 0, 0, 0, 0, 0, 0, 0, 0, 0, 0, 0, 
0, 0, 0, 0, 0, 0, 0, 0, 0, 0, 0, 0, 0, 0, 0, 0, 0, 0, 0, 0, 0, 
0, 0, 0, 0, 0, 0, 0, 0, 0, 0, 0, 0, 0, 0, 0, 0, 0, 0, 0, 0, 0, 
0, 0, 0, 0, 0, 0, 0, 0, 0, 0, 0, 0, 0, 0, 0, 0, 0, 0, 0, 0, 0, 
0, 0, 0, 0, 0, 0, 0, 0, 0, 0, 0, 0, 0, 0, 0, 0, 0, 0, 0, 0, 0, 
0, 0, 0, 0, 0, 0, 0, 0, 0, 0, 0, 0, 0, 0, 0, 0, 0, 0, 0, 0, 0, 
0, 0, 0, 0, 0, 0, 0, 0, 0, 0, 0, 0, 0, 0, 0, 0, 0, 0, 0, 0, 0, 
0, 0, 0, 0, 0, 0, 0, 0, 0, 0, 0, 0, 0, 0, 0, 0, 0, 0, 0, 0, 0, 
0, 0, 0, 0, 0, 0, 0, 0, 0, 0, 0, 0, 0, 0, 0, 0, 0, 0, 0, 0, 0, 
0, 0, 0, 0, 0, 0, 0, 0, 0, 0, 0, 0, 0, 0, 0, 0, 0, 0, 0, 0, 0, 
0, 0, 0, 0, 0, 0, 0, 0, 0, 0, 0, 0, 0, 0, 0, 0, 0, 0, 0, 0, 0, 
0, 0, 0, 0, 0, 0, 0, 0, 0, 0, 0, 0, 0, 0, 0, 0, 0, 0, 0, 0, 0, 
0, 0, 0, 0, 0, 0, 0, 0, 0, 0, 0, 0, 0, 0, 0, 0, 0, 0, 0, 0, 0, 
0, 0, 0, 0, 0, 0, 0, 0, 0, 0, 0, 0, 0, 0, 0, 0, 0, 0, 0, 0, 0, 
0, 0, 0, 0, 0, 0, 0, 0, 0, 0, 0, 0, 0, 0, 0, 0, 0, 0, 0, 0, 0, 
0, 0, 0, 0, 0, 0, 0, 0, 0, 0, 0, 0, 0, 0, 0, 0, 0, 0, 0, 0, 0, 
0, 0, 0, 0, 0, 0, 0, 0, 0, 0, 0, 0, 0, 0, 0, 0, 0, 0, 0, 0, 0, 
0, 0, 0, 0, 0, 0, 0, 0, 0, 0, 0, 0, 0, 0, 0, 0, 0, 0, 0, 0, 0, 
0, 0, 0, 0, 0, 0, 0, 0, 0, 0, 0, 0, 0, 0, 0, 0, 0, 0, 0, 0, 0, 
0, 0, 0, 0, 0, 0, 0, 0, 0, 0, 0, 0, 0, 0, 0, 0, 0, 0, 0, 0, 0, 
0, 0, 0, 0, 0, 0, 0, 0, 0, 0, 0, 0, 0, 0, 0, 0, 0, 0, 0, 0, 0, 
0, 0, 0, 0, 0, 0, 0, 0, 0, 0, 0, 0, 0, 0, 0, 0, 0, 0, 0, 0, 0, 
0, 0, 0, 0, 0, 0, 0, 0, 0, 0, 0, 0, 0, 0, 0, 0, 0, 0, 0, 0, 0, 
0, 0, 0, 0, 0, 0, 0, 0, 0, 0, 0, 0, 0, 0, 0, 0, 0, 0, 0, 0, 0, 
0, 0, 0, 0, 0, 0, 0, 0, 0, 0, 0, 0, 0, 0, 0, 0, 0, 0, 0, 0, 0, 
0, 0, 0, 0, 0, 0, 0, 0, 0, 0, 0, 0, 0, 0, 0, 0, 0, 0, 0), .Dim = c(1000L, 
4L), .Dimnames = list(NULL, c("mean", "sd", "LL", "convergence"
)))
