structure(c(1.61118826515140, 1.95141300370879, 1.75558014844527, 
1.87665281192605, 1.98994455844175, 1.66731124276442, 1.86723199698376, 
1.85015398196151, 1.98978081204912, 1.87423378473235, 1.95618276187776, 
1.63074764297710, 1.76288495476292, 1.72577792817673, 1.74537421659826, 
2.16592548688879, 1.77176314545857, 2.17441944349255, 1.79290506952098, 
1.91967545207168, 2.12341838394629, 1.93378461488763, 1.96045244250038, 
1.97738010946829, 1.77645500965695, 1.90322834103330, 1.82996052777328, 
1.98670033946092, 1.91296855274850, 1.65008094552461, 1.92471275766003, 
1.82488610483283, 1.83741846555186, 2.16470345112453, 1.48636635261743, 
2.02050598373142, 2.02458140977209, 2.02615976906295, 1.93230253580801, 
2.16636735516843, 1.87216967616898, 1.63542288201136, 1.76039584590602, 
1.76482097698803, 1.94519196431069, 1.52867516443835, 2.02126046539410, 
1.99761671280989, 1.94241583343734, 1.89549278924838, 1.98575023378311, 
1.52591398961060, 1.96455235639013, 1.80031611612793, 1.83315602978556, 
1.9387208956383, 1.86151251990883, 1.89003999563449, 1.80786062227488, 
1.79506604925497, 1.74828286424116, 1.98189301637085, 1.86406096461386, 
2.03197746113688, 1.91786883413564, 1.67913823139049, 1.87854859831915, 
1.94334966789743, 2.02470545519402, 2.13757711064884, 1.74531334807431, 
1.92831094608631, 1.78253561014144, 2.03771407901633, 1.82393662601348, 
1.83267742563991, 1.95543773668904, 1.89878110456483, 1.77404571745098, 
1.85163182441755, 1.91142854624451, 1.90303553252365, 1.93470565484306, 
2.01669036724545, 1.89766945011249, 2.09872970189870, 2.0570853706874, 
1.91618144879550, 1.96482807363967, 1.70921082804287, 1.66319003896842, 
1.88992621701663, 1.87401837023158, 1.94230963288045, 2.03371685033856, 
1.69608631862718, 2.13260176985339, 2.02675479338337, 1.92474795760077, 
1.96283680897029, 2.08679421246224, 1.95850199190542, 1.95173777769369, 
1.96393023246181, 2.00170873049669, 1.86551534544104, 1.92751444667189, 
1.81867846715379, 1.89497146234115, 2.10315954318421, 1.79505919132455, 
1.81997488830265, 1.79167941208071, 1.92547368699169, 2.07659370343921, 
1.89384971140698, 2.03308560183224, 1.95103708052711, 1.85250564049882, 
2.00766467569035, 2.09743320378394, 1.74902081253346, 1.58820663445592, 
1.75956454947081, 1.77855007695291, 1.81694775443468, 1.90739319984484, 
1.67164340820029, 1.75948755522322, 1.86440699906235, 1.82446620274746, 
1.74871228614157, 1.95685397613105, 1.95265611147671, 1.77276762380040, 
1.67196174663600, 1.92527112614236, 2.08875501853469, 1.92227194012954, 
1.78170124965498, 1.90135924013223, 1.96728759580113, 1.91713122453891, 
1.94330784180718, 2.12955479798235, 1.91539476096201, 1.70129383185657, 
2.04992098884978, 1.84123667839747, 2.23054616303679, 1.77759359706421, 
1.91783025995668, 1.46529005446307, 2.13005372954921, 1.70500294626034, 
1.83221830648045, 1.84298780375683, 2.11781967296244, 1.75903489630048, 
2.00329325564601, 1.73957365472050, 1.66295333821429, 1.79646232532828, 
1.87019841342116, 2.03277250426853, 1.83637069424811, 1.70846315257994, 
1.51223707261311, 1.97911974963864, 1.94357061670444, 2.05848992526388, 
2.02422853828812, 1.9408597468518, 1.99699976390973, 1.96392655100730, 
1.93195803853508, 1.95829908875071, 1.93176417072850, 2.00177106733690, 
2.03584348848327, 1.98850214247002, 1.80946392891813, 1.90360065853064, 
1.80352566280206, 2.14161253903379, 1.80937578077442, 2.05253348280310, 
2.13462412916287, 1.89565198669328, 1.75864693781390, 2.11636375971568, 
1.97120410072229, 1.66512078794033, 1.93550194670989, 1.89917455424737, 
1.79284758291175, 1.96159025806996, 2.07085206597791, 1.60510770665638, 
1.95750862695517, 1.70713431649432, 1.99274438814785, 1.88256219960154, 
1.70049538946682, 1.59941079624831, 1.91032819703788, 1.85857784051048, 
2.02225221846318, 2.07396588823075, 1.75962804074528, 1.60724990836677, 
1.85724734121944, 2.07211127769581, 2.10007688518833, 1.94711977296037, 
2.05733184305139, 2.07856363780250, 1.8936852944926, 1.67795203208997, 
1.96247860365906, 1.83001406708918, 2.02671709933539, 2.04590036381339, 
1.81844518079383, 1.99088973093418, 1.68929017662608, 2.03323600434981, 
2.00877550118630, 2.12416814512160, 1.66357394301499, 1.87977043973865, 
2.09635740397339, 1.85266469967601, 2.06314984266119, 2.11501102309258, 
1.75740728378350, 1.97923719602259, 1.80135940561576, 2.07741905377184, 
1.90405629008408, 1.84948854765363, 1.53244724425165, 1.88959025519001, 
1.91254837874265, 1.98655970723022, 1.94799462539958, 2.01959570552119, 
2.14390166940139, 2.10133292236838, 2.05618701426252, 1.64729398257345, 
1.72160592576081, 1.93700379451919, 1.94581728273417, 1.71106569918589, 
1.85023900588168, 1.84583969702378, 2.07230062821815, 1.95108525466816, 
2.24860836063139, 1.47861319917659, 1.87986426374435, 2.14298419919688, 
1.99259155996203, 2.15770377018984, 2.1432413725685, 1.87040190919526, 
1.86251876015316, 1.66505321692874, 1.70913428540785, 1.97497500615700, 
1.96362245800215, 1.97270349983034, 1.7126852733912, 2.01883381926586, 
2.09404696371752, 1.89000592087441, 1.85459548194815, 1.83651386554141, 
1.78392129114427, 1.69084053564117, 2.14039858037075, 1.76757059065388, 
1.90761056122094, 1.54640072385773, 1.97093398312540, 1.84077877814674, 
2.04389346614319, 1.97628524857775, 1.89216823825412, 2.03373135308831, 
1.75663954429000, 1.91008769566658, 1.78124735836972, 1.69723447822777, 
1.90007958594071, 1.71095589101336, 1.89921920866268, 1.99678210467153, 
1.92610796572989, 2.08647620548377, 1.78859188271057, 2.14512303414165, 
1.83220681218894, 1.74000292042648, 1.83915478494581, 1.71249258283354, 
2.04017375762491, 1.87710756325383, 2.07052063666269, 1.8949661316539, 
1.63649834613573, 1.92696735068333, 1.93484667410298, 1.83223050498960, 
1.85159296995389, 1.78110972863759, 1.81113971739501, 1.87963525994440, 
2.02768296955979, 1.73388418980754, 1.86587088548254, 1.92413965302311, 
1.93465253615463, 2.01258555621546, 1.70545552256041, 1.93019964795916, 
1.74124204064168, 1.72301655765203, 1.85845301070961, 1.90585020788898, 
1.80870469875854, 2.05498843523371, 2.07655547817652, 2.00952917563739, 
2.27843415181125, 1.65850405729804, 2.07350280345801, 1.79489976212707, 
1.89600029020049, 2.02671213397762, 1.74311605394210, 2.00468740396442, 
1.67524708407200, 1.86387222826785, 1.87583146456933, 1.92026210070464, 
1.65225517292288, 1.83259628895213, 1.72092230764459, 2.09659804971021, 
1.83886836071512, 1.99202295663571, 2.07332275241605, 2.10227172803960, 
2.17215817559115, 1.78096042557471, 1.66863619072196, 1.91003452944279, 
1.95302273987073, 1.57183048918228, 1.84979931715641, 1.81106919607137, 
1.88552466650765, 1.97488451328877, 2.09504583427886, 1.97622112139996, 
1.96664919377246, 1.99259295799364, 1.78974373499556, 1.97290750565784, 
1.98928940323021, 1.80324170357443, 1.72204041049486, 2.11385457871321, 
1.93385966366292, 1.92048138440235, 1.88770727032935, 1.90285233800531, 
1.97401837357290, 1.90365622649289, 1.90014757055997, 1.89359396462027, 
1.56517740112276, 1.86041254297728, 2.09996130768852, 2.00932799327322, 
1.90364230825487, 1.72888169767564, 1.87022316885751, 1.90611117316663, 
1.82316008679025, 1.59978359539111, 1.98780143482032, 1.95983266812948, 
1.94173232081166, 1.88906219301776, 2.2042738095127, 1.96133247104165, 
1.93025559278049, 1.91901168032688, 1.97138073411436, 1.98419017439742, 
1.9882527181293, 1.76699486941224, 2.00032568958257, 1.82534157524576, 
1.58833376050019, 1.90395284915468, 1.71963115602085, 1.6846674199432, 
1.74835740394594, 1.90605220245045, 2.27352949891217, 2.06179047282417, 
1.79963200386626, 1.81895303540305, 1.8467305740911, 1.90120207936717, 
1.53557370395928, 1.83418573433703, 2.07239036282461, 1.89969466810321, 
1.85108546631773, 1.73671324655319, 2.00723669986676, 1.90909430640546, 
1.70270364598654, 1.74298968025237, 1.87107831894790, 1.94684382245158, 
2.01444556542737, 1.95173917338467, 1.87276429605521, 1.97642240762464, 
1.87122592943729, 2.14715845083727, 1.92461731636076, 1.93869271315652, 
1.8253671121178, 1.91592680634639, 2.06527898763059, 1.84935425659819, 
2.11667505802576, 1.87094903318395, 1.77777285688766, 1.96834266531887, 
1.85133680671886, 1.95450645823428, 1.77617119737623, 1.87546939997469, 
1.98358661476347, 2.10254359405403, 1.83385803884884, 1.92719254569938, 
2.03916870807316, 2.04722088978330, 1.83790492004243, 1.71287313989538, 
1.88889724944416, 2.20790335300510, 2.00157083170298, 1.87652847847048, 
1.93180399072579, 1.94775403133360, 1.8585486590157, 1.8001608856986, 
1.8540312174006, 1.96601058367429, 1.98042134663556, 1.79820448420894, 
1.92122930809645, 1.83244272896858, 1.57440245227603, 2.09231833901735, 
1.98944985370127, 1.77557015927752, 1.83371416189641, 1.84572171932334, 
1.92712812298766, 1.73056830550732, 1.81355002698825, 1.88129556338729, 
1.99298084265002, 1.6941098579868, 1.87729774181176, 1.75760871270241, 
1.85785232206592, 1.79993195670034, 2.02533477347454, 2.08185666085133, 
1.83696317139920, 1.96721169435318, 1.79579790673576, 1.69182924599333, 
2.12145788048099, 1.7370560276877, 1.95835235923543, 1.93041376260504, 
1.95756364682449, 1.97942154470959, 2.11346073459915, 1.67734739076442, 
1.94961089856211, 1.84703235671453, 1.93575358728147, 1.92897139356647, 
2.07409843314490, 1.56098412495632, 1.83728215927679, 2.14672735018669, 
1.90973869696372, 1.86880337337087, 2.01185536505098, 2.01138880669913, 
1.85049234342901, 1.82969829812059, 1.93235603056449, 1.80597011102146, 
1.80662880494572, 2.05502937975348, 1.99100915984446, 1.73735076426684, 
2.04870250580902, 1.99131603663087, 1.86011536109431, 1.46251619158562, 
1.64186712037155, 1.74206249129915, 1.90232679053697, 1.75057834272007, 
1.93431672656175, 2.13122146637859, 2.27309173122410, 1.82070888190985, 
2.05352449899235, 1.53846420644683, 2.15082488828589, 1.86839203174307, 
1.87997098216525, 1.92169142599097, 1.86996533964762, 1.99511776485968, 
1.86557567568444, 1.93262589127144, 1.77009016184479, 1.87446410878846, 
1.96216219092761, 2.06373031399000, 1.97135661433854, 1.90032602948877, 
2.17228044570178, 1.73040264493268, 1.89579855527809, 1.60466633307967, 
2.0930257694104, 1.75294199872988, 1.81408231690661, 1.70795014919245, 
1.84274643443002, 1.96491496252238, 2.01630457775813, 2.18344587954353, 
2.10844197536637, 1.81697741281820, 1.86823184178546, 1.67761852124377, 
1.81150340195056, 1.8990236764046, 1.69811948327780, 2.08859935555099, 
2.11621992090177, 1.80566244025577, 1.78255361565909, 2.09325157304643, 
1.76358175311872, 2.12126898549313, 2.14703886435908, 1.90189217755322, 
2.04651855106021, 2.01569154672742, 1.98484269899818, 1.92547211655336, 
1.96498198660961, 1.76191926097822, 1.76953523461444, 2.16885191933982, 
2.12982315631803, 1.71653568275931, 1.73904065339361, 1.91971481352752, 
2.12161029480096, 2.03773493117488, 2.01264682079074, 1.99070031114208, 
1.85652782291296, 2.05849524133187, 1.62630215220926, 1.70004802524807, 
1.82614283905071, 2.12395636196947, 1.69781960883297, 2.03269207642122, 
1.75185708761781, 1.93793513522994, 1.95584336540613, 1.86933296582653, 
1.72620269268835, 1.84596100738866, 1.84535232548279, 1.80392053918695, 
2.03218370744873, 1.79652358419175, 1.63992170745542, 1.98535939969338, 
1.82326482933086, 1.85500195162564, 1.88756358362316, 2.08385383375501, 
1.95997204662282, 1.8948833610387, 2.17133400956014, 1.96714498473350, 
2.11951846619157, 1.98690112363925, 1.97697882777488, 1.88593637302353, 
1.97518724202387, 1.90451553372997, 2.02274426056919, 2.00506439719211, 
1.90415498578934, 1.79727985371202, 2.02559286920165, 1.98936350985037, 
1.82322930475138, 2.04880549741185, 1.78333616886509, 2.04244568509979, 
1.93495746948073, 1.97250779226696, 1.94418064449308, 2.05012917129777, 
1.83716005036371, 1.72274025876686, 1.76922312897067, 1.81721851985356, 
1.77464019570004, 1.89449130652342, 2.01773375644376, 1.48333657072637, 
2.16322734408615, 2.12951598876737, 2.11853666641086, 1.94053763008297, 
1.80184512006586, 1.85597562493352, 2.04764976267008, 2.00022082199920, 
1.83188840098932, 1.93275892116212, 1.89426111115672, 1.97392846571698, 
1.68817287446072, 2.21416465054232, 1.83253239923673, 1.83141061116744, 
1.95489905135701, 1.82808507545371, 1.93782756657017, 1.68940078458740, 
2.01638559396757, 2.00697492777613, 1.91922350333279, 1.92625427979572, 
1.99088435393206, 2.03417119068653, 1.97518825242909, 1.97050003610893, 
1.84462806023667, 1.91778686521471, 1.88095029211416, 1.94179227511600, 
1.98984778136516, 1.98823308506582, 1.84297557564051, 1.97255615880107, 
1.92419336164650, 1.85764284906878, 1.94249527987430, 2.00687959573713, 
1.71822773936652, 1.78974102399226, 1.83728762199526, 1.94952077133129, 
1.78803664119174, 1.93856231280821, 1.85052848494850, 1.73201159960384, 
1.97348727526724, 1.94919758057384, 1.94366437204629, 1.96757953287852, 
1.92567399228788, 1.7866486533161, 2.0790604591587, 1.62219148204025, 
1.87111167443176, 1.92170983557157, 1.77299276389098, 2.03502425266504, 
1.84844022691026, 2.08134927986068, 1.94727742716145, 1.89707113203302, 
1.79958950878109, 1.96285831292096, 2.04166212279165, 1.86111120998229, 
1.74321730028251, 1.73066386054466, 2.08706082776738, 1.98088842491471, 
2.11651926361976, 1.96252109245041, 2.00411231780931, 1.90254921395147, 
1.93045234020094, 1.78752453940718, 1.96468517633971, 1.99941966721544, 
1.91669606304289, 1.91250120133519, 1.76200828273328, 1.94802120702600, 
1.73031931403585, 1.88587713257529, 1.80016398831073, 1.68859434395307, 
2.03182984274126, 1.96687059395975, 2.05937383672384, 1.97919511827710, 
1.93919417718758, 1.59347249544984, 1.98592351431033, 1.85337365325178, 
1.87813775885022, 1.59435000829719, 1.67924107427611, 2.04564766290449, 
1.87178348644328, 1.84439204238460, 1.92017897372865, 1.96635256658295, 
1.94731246453755, 1.89713841673374, 2.01751547284787, 1.99981725330427, 
1.71436725070504, 1.92753992087393, 1.66121447380547, 1.8967662102474, 
1.82192694555000, 2.02914967972798, 1.91378753910566, 1.93196712760710, 
1.78177127285408, 2.3012424965374, 1.56683222823803, 1.87908031554811, 
1.74072081369418, 1.92630305253203, 1.8913287994422, 2.06978373255809, 
1.80287623415143, 1.95550072217784, 1.69117584366764, 1.80960203069646, 
1.72500888257653, 1.84764769012676, 1.89448881897909, 1.96956191821059, 
1.73080934133441, 1.84837329554018, 1.79209953712410, 1.85797679053963, 
1.59822136991847, 1.92915008431727, 2.03792896681798, 2.00114834311572, 
1.93118882272091, 1.72148433936622, 1.67319220397283, 1.99335162771307, 
1.93995015731926, 1.78693880145692, 1.75791845494851, 1.87356758583149, 
1.75887550587551, 2.01563461165792, 1.80184176026736, 1.89458157209691, 
2.11568144025392, 1.86517498626765, 1.90286060993251, 1.80985463552859, 
2.02386597902987, 2.00445400440669, 1.94751191641773, 1.87327594345296, 
1.96686268569537, 2.14136850844690, 1.85939996940607, 2.02511626547295, 
1.90542933588207, 1.91520474924257, 2.03257567476243, 1.92634411648389, 
1.82064141479079, 1.90078813239726, 1.73188170926975, 1.75173573105532, 
1.92455608070312, 1.7350106787143, 1.95959832098587, 1.92383170268251, 
2.08590777813031, 1.87081493934307, 1.78042017863833, 2.03926346069814, 
1.98054196610870, 2.01022434315306, 1.80661864913857, 1.92891970122984, 
2.01925793511043, 1.75942936123649, 2.07656118705905, 1.85085909858592, 
1.85105780014490, 1.78415537675049, 1.82860717809928, 2.04996685638018, 
2.10020011961109, 1.67573008882700, 1.75100026299677, 2.0177037473227, 
1.69728704138482, 1.71185200453691, 1.92189281273607, 1.89716871028245, 
1.7665731181632, 1.82994307325806, 2.16335578774583, 2.06218880448423, 
2.14946012402444, 1.84938359003059, 1.98507922920405, 1.7477070376368, 
1.80590920827565, 1.96675115955219, 1.86748846184932, 1.92295972317782, 
1.83196020479462, 1.92156240732616, 2.15220832065462, 1.89234668135344, 
1.84377800192432, 1.88451637081254, 1.95204326095740, 2.00770016499143, 
1.87479616665097, 1.97452087883372, 1.97095334482963, 1.83643480395431, 
1.63058516714213, 1.96915984799856, 1.69449441359829, 2.17135987762110, 
2.15484586857094, 1.99333959970001, 1.73846753092265, 1.75964330738790, 
2.08218983701018, 1.85697968041844, 2.03340010368500, 1.70938769723067, 
2.24265967140422, 1.85456224305868, 1.77367753158552, 1.75022472115269, 
1.48876674584147, 2.02271098067739, 1.9868134895534, 2.03124376693276, 
1.80950973939003, 1.84616683572987, 1.80096476060592, 1.86530561754699, 
2.02722036100776, 2.00950340455323, 1.83909033465731, 1.95668590567704, 
1.57882469063729, 2.04025792391616, 1.85202320180141, 2.24032020085166, 
1.88488718861301, 1.65861339962661, 1.98494107704593, 1.78754905140698, 
1.68052193206958, 2.27012871068811, 1.77167107620474, 2.00141196977557, 
2.01145526005255, 1.77453265059087, 1.99653786832343, 1.74293781686245, 
2.01847240990390, 1.84575904613742, 1.94727368707641, 1.97642289199818, 
1.97583993851527, 1.71782552034870, 1.86356117974763, 1.55583201556560, 
1.73768210077132, 2.01055767068436, 2.02622171777607, 2.07213411739234, 
2.27084907473579, 2.02948658472978, 1.79236616664217, 1.91414130467803, 
1.92847221658922, 1.62723078359463, 1.82563426564282, 2.13063335975543, 
1.98590923395407, 1.97059778286619, 1.6480549461333, 1.99286349583256, 
1.91643557586222, 1.98270990439212, 1.95053918030824, 1.76569588195405, 
1.89595658406575, 1.63006454674361, 2.09247782478062, 2.05630606451400, 
1.88821222631677, 1.95603241821952, 1.89751463577363, 1.95068600419513, 
1.46588338914499, 2.10797948129661, 2.03368022185394, 1.88959084313376, 
2.06858956333992, 1.87684797119588, 2.12356052231093, 1.83075649333336, 
1.84986570186176, 1.86307841015666, 1.89165962782713, 1.98377062319048, 
1.90792334399884, 2.05982393259524, 1.69662503586176, 1.97764357673191, 
2.03967770830784, 1.91724006857719, 1.99307152176169, 1.85405669857138, 
1.70860986674507, 1.9225427643993, 1.54106583165671, 2.04552224806296, 
1.86469269240912, 1.86359154410539, 1.67860396223499, 1.73907118144596, 
1.96255242417551, 1.78363496607333, 1.95848369032435, 1.66641366654064, 
1.97349415285976, 1.83825960087167, 1.71566732559165, 1.83497920026169, 
1.99247786171282, 1.82932346038683, 1.92195896912487, 1.95143093104871, 
1.87836617530109, 1.87439614167765, 1.94914497161455, 1.87229000173570, 
1.79214896797249, 1.2930436555561, 1.29250624514371, 1.13316747519308, 
1.30766461549256, 0.934066702839906, 1.35861989424807, 1.30492185111990, 
1.02004304979748, 0.991365031911568, 1.14800937454401, 1.25781559729892, 
1.32097952757092, 1.11823787899389, 1.18959650198462, 1.32734225296029, 
1.03401061520828, 1.16644816441797, 1.24081079139897, 1.22410498897914, 
1.20626589922305, 1.06092132420726, 1.06830698924888, 1.09916100361224, 
1.10133715086516, 1.09343238580345, 1.18754769585383, 1.15558002429113, 
1.04193734282826, 1.25033730684374, 1.45523240924628, 1.03171409768282, 
1.09428542876364, 0.976888363901006, 0.983986612834878, 1.25627455401670, 
1.20864644188340, 1.06647428046363, 1.15291562554051, 1.05810233828181, 
1.07945550160273, 1.22975242637790, 1.41555913901098, 1.24248695549555, 
1.17528433858781, 1.07021760031027, 1.3218784973098, 1.09727478561254, 
1.13487504450249, 0.997261627641406, 1.13754489309528, 1.11826766915669, 
1.31035236869906, 1.13168158790136, 1.35295922132323, 1.33250600810718, 
1.20352538082542, 1.12416518320222, 1.20343905511051, 1.12263568140522, 
0.947893166493093, 1.16037554135195, 1.03219070940598, 1.07419601675110, 
1.03435475205519, 1.06841143330149, 1.06640961516490, 1.08163959877770, 
1.07477737586971, 1.13651652672159, 1.03639470381056, 1.21971332170025, 
1.09973614157331, 1.33500773666462, 1.06580944541745, 1.22222562189528, 
1.07036848266781, 1.09022756552652, 1.11307506097793, 1.20529288758264, 
1.23490976349921, 1.17741057682882, 1.22936126105899, 1.18294996138566, 
1.17318019565572, 1.13042011396518, 1.05329116325322, 1.09064270797338, 
1.16009753396598, 0.964411331226476, 1.15744136125545, 1.27436913694212, 
1.28326732257867, 1.04720782259597, 1.04955032702041, 1.20477514467969, 
1.20719269365064, 1.12980349400399, 0.963335059010461, 1.41244274810300, 
1.00751599132131, 1.00079974136181, 0.928843323263492, 1.05454293273942, 
1.21631089982307, 1.05400351813184, 1.22182054147296, 1.12502327195707, 
1.19140917700467, 1.06409810691082, 1.09998313574217, 1.06139235839527, 
1.35838808707257, 1.19363160502394, 1.22573657929932, 1.10825775556298, 
1.27024359416210, 1.09527330008812, 1.08330534425428, 0.943690131919336, 
1.12044320389850, 1.14775994022498, 1.17038425848593, 1.26054111506000, 
1.27223275252003, 1.12423313767869, 1.09887674423113, 0.985229221496893, 
1.53731835431254, 1.20436432479739, 1.27921807522515, 1.10530183159343, 
1.31729988565684, 1.03104087941359, 1.10117598742267, 1.13845585835282, 
1.02121697851678, 1.05302811444968, 1.03136876224445, 1.08973010536791, 
1.22623109122920, 1.08725206165943, 1.11261669681754, 1.41507143677418, 
1.14517899675408, 0.980279876923363, 1.28212916121317, 1.15623670584993, 
1.18413395391796, 0.919761349100133, 1.10867780350643, 1.17435424778830, 
1.04283217334711, 1.5986671462489, 1.06132270858906, 1.43609576974673, 
0.976034475457687, 1.15189449845652, 1.06466327986147, 1.28698549117134, 
0.961303438494803, 1.28061781371653, 1.20455648970639, 1.36064077590753, 
1.00775004523211, 1.05904039835283, 1.30685396684422, 1.13625507107464, 
1.30410887072745, 1.17153639824823, 1.31588107434764, 1.06256832342945, 
1.17187690018352, 1.13362140179776, 1.24055661043362, 1.07465060171482, 
1.11596368882729, 1.20901938882974, 1.22332526536239, 1.21433216573731, 
1.10323733781070, 0.997631690502073, 0.943894917401597, 1.13410722343979, 
1.21304999637450, 1.13236462013341, 0.99832656767971, 1.08578702091802, 
1.03759367994050, 1.28663259135591, 0.963019876481371, 0.985063786798185, 
1.15218511076684, 1.11496600572056, 1.07460242788158, 1.04485176579022, 
1.03791625143127, 1.10510550515016, 1.03090739369574, 1.36308470297945, 
1.08191169010220, 1.14656289757764, 1.11910111822104, 1.31539513564561, 
1.32642564458265, 0.990008373738021, 1.12601359566101, 1.09340310705539, 
1.08122326624229, 0.886850334981999, 1.29801810764301, 1.33739452993742, 
1.13310453544756, 1.21899321768390, 1.12249826379494, 1.20345610072403, 
1.04217660616854, 0.946827242974046, 1.19724136422505, 1.30436898784868, 
1.17399331437643, 1.07605544459237, 0.98269754851052, 1.07254357779326, 
1.12743796828852, 0.943399440534289, 1.0721440585874, 1.17387870631188, 
1.21553061991789, 1.09687166612175, 1.22667044117819, 1.16133635461926, 
1.07731087520742, 0.98283467248872, 1.14467924428160, 1.12381783397124, 
1.40447978860346, 1.14971179194095, 1.36478942606631, 1.03634790597357, 
1.08201064453674, 1.16590295192808, 1.44908229254962, 1.19270095358200, 
1.14637581877482, 0.962298977797325, 1.14579520119201, 0.997652909431525, 
0.96859570941309, 1.00173085224579, 1.13030150649754, 1.2910003683477, 
1.17884728291659, 1.23968953448697, 1.09465120982032, 1.23361475002656, 
1.17080877579485, 1.18310821242148, 1.01133088387031, 1.11937684057523, 
1.03855410110881, 1.26190949138682, 1.13744735458917, 1.02302038592310, 
0.972081342351593, 0.992578040273208, 1.02980171562210, 1.25531882430137, 
1.24560811836781, 1.26887114060426, 1.14897379994286, 1.19137199047943, 
1.16881509460819, 1.15230283685010, 1.36394761691963, 1.01793210304384, 
1.02628269043331, 1.18203005057172, 1.17869337540513, 1.26901875596866, 
1.30318575149668, 1.33176598049577, 1.20126521150308, 1.09645955108114, 
1.13540469236370, 1.26304642407023, 1.36012332916855, 1.29074468090605, 
1.13521584423232, 0.94381889774893, 1.16766603247952, 1.05942089936560, 
1.15985036234878, 1.28383481605496, 1.35024739412938, 1.40815453329139, 
1.14054604159503, 1.27283119008739, 1.41718986808522, 1.01588838013982, 
1.08365711309968, 1.03103604018458, 1.23245032102462, 1.10513644988113, 
1.08433131066290, 1.11066890318818, 1.22979846180485, 1.18348173179277, 
1.20946760618614, 1.08286788508951, 1.07299186283076, 0.994651501000115, 
1.40342857980849, 1.05198497359098, 1.24327586274361, 1.19642229338946, 
1.21836079682086, 1.20787642046804, 1.16037955611413, 1.00553525660307, 
1.33822779364722, 1.23648106685150, 0.940021455725221, 1.12256238733419, 
1.11686546879556, 1.21748703240334, 1.22685175609885, 1.27022847854683, 
1.09742105985387, 1.17271451657521, 1.38415557654392, 1.23981661504631, 
1.09999823567257, 1.04417333888052, 1.14200824032786, 1.31651340999661, 
1.05161147273193, 1.21731667084857, 1.09889433627093, 1.21576795559792, 
1.35480581984802, 1.19036445513889, 1.25286668856498, 0.79340424598697, 
1.33255969890906, 1.14914143691892, 1.16119591928931, 1.09985089555726, 
1.03562722745495, 1.01460855477073, 1.25162189055358, 1.11801518286802, 
1.28151480467372, 1.02781692356315, 1.09072817347656, 1.14681449494462, 
1.11576908072514, 1.25286741940541, 1.16515531244006, 1.22875045426452, 
1.08635784251834, 1.22760298746022, 1.18594180916045, 1.18485628936888, 
1.02015126757005, 1.07048220580001, 1.06620930346438, 1.19677046923012, 
1.02143665404794, 0.997911404229111, 1.07760223390090, 1.21171717943776, 
1.00125537973585, 1.24791718415719, 1.25450166896296, 1.14323839297509, 
1.23581157716667, 1.11710245173872, 1.25750213252999, 1.24827735417357, 
1.12684638110053, 1.24047549590237, 1.06058692931153, 1.21180278872795, 
1.11869834058269, 1.23422930109600, 1.05358194316088, 1.12825711472101, 
1.19596153947588, 1.31605455009523, 0.930512778362959, 1.18136708690657, 
1.20117853878754, 1.34054353833141, 0.908352945738192, 1.12321899150159, 
1.13712533232372, 1.20357450407218, 0.983036934179453, 1.44823727266852, 
1.16056077261021, 1.05813659547837, 0.916171942892801, 1.18046948319210, 
1.17985616657315, 1.20628155034372, 1.19285634406889, 1.07429644053821, 
1.14185908818266, 1.07543929064099, 1.36807149079746, 0.999913846531395, 
1.06870498165605, 1.07673984677133, 0.99674922267712, 1.22162309793776, 
1.16051583227009, 1.24335854444496, 1.21118507205601, 0.96852791947152, 
1.10452466520301, 1.25474170323777, 1.16113631056703, 1.29272475952722, 
1.16880333766575, 1.2713076181716, 1.00438592411915, 1.10313401386394, 
1.14286966863824, 1.08790597126009, 1.11053956307616, 1.05893228196276, 
1.13087398359185, 1.10249029432441, 1.10135862246013, 1.17109316039899, 
1.20619670371142, 1.14448696395268, 1.07574774265228, 1.05370209078692, 
1.10851626232238, 1.33190586891742, 1.24352094131846, 1.36470588420409, 
1.26199166938516, 0.979364618327812, 1.25163335417852, 1.25563509475308, 
1.21690417059650, 0.915792854283898, 1.08360803170207, 1.05592492967439, 
1.31692495330195, 1.15124850048703, 1.1563424345803, 1.01966369214295, 
1.19269782372927, 1.18984893468892, 1.24057438548753, 1.15400649916194, 
1.31907467472355, 0.989370235370723, 1.12295748738744, 1.37165940542881, 
1.16745343986072, 1.28432805173292, 1.18666028859072, 1.18872695394515, 
1.25615853447852, 0.999074399277223, 1.35318383458547, 1.39699398613311, 
1.23771561403831, 1.09287032066573, 1.55434266925624, 1.19098882821475, 
1.26171843375981, 1.28585602486138, 0.97076395017589, 1.12392853189880, 
1.06151424032655, 1.31939179283369, 1.26422447301829, 1.13148032442490, 
1.03108734700175, 1.28274960673589, 0.958946200857585, 1.2504221756721, 
1.27368858922789, 1.21185078542307, 1.03198490877757, 1.12463264354018, 
1.17494301979157, 1.04387324832702, 1.30024312748091, 1.30209564972138, 
1.14336381042138, 1.19112318028731, 1.01432592254343, 0.982249065122658, 
1.23200168536130, 1.17576981995188, 1.05940792344475, 1.17078366683890, 
1.09827621592956, 1.03833038275174, 1.08912695535627, 1.08178535886552, 
1.06752923435091, 1.34510703147479, 1.32554172401086, 1.08131203151502, 
1.19224587528664, 1.20709461862003, 1.17227715823884, 1.03236907217203, 
1.18106395107833, 1.13547329636474, 1.24400647173323, 1.11906211609601, 
1.08117049050451, 1.21471017675067, 1.27285811876944, 1.37905791969392, 
1.04235829181453, 1.10816498925640, 1.09503456334035, 1.25060862530075, 
1.40993494282081, 1.06236353434779, 0.943400329277867, 1.09307248675675, 
1.24275249063338, 1.02968721719851, 0.88209167766258, 1.12253710486351, 
0.983024169853185, 1.68838026220726, 0.985677571580973, 1.30621234741740, 
0.976381267569674, 0.99025083599866, 1.04760932233651, 1.07918628717030, 
1.15313416696066, 1.22019425875127, 1.15615466972154, 1.03064214601763, 
0.911766615253849, 1.06678275769284, 1.10027476071375, 1.21155611841235, 
1.25386078367322, 1.41623956842904, 1.21464268644257, 1.32617618307194, 
1.01209707996255, 1.17923970903968, 1.15604497653855, 1.2408746966146, 
1.10307420515487, 1.02366753590041, 1.22750217356352, 0.971978448188962, 
1.13674914107054, 1.01653212240973, 1.20351329684431, 1.10839239489385, 
1.19615492661739, 1.02210669123299, 1.19421118351100, 1.20106097066307, 
1.12478263461107, 1.02391110872604, 1.08767482181877, 1.17803312081821, 
1.22364091131347, 1.02263793516975, 1.03368677897249, 0.989229804518073, 
1.27444333035929, 1.12790337655266, 1.04883748285059, 1.12576368881052, 
1.15138156709428, 1.36636448030412, 1.07793584848439, 1.05558893280888, 
1.03848444822576, 1.15621659366774, 1.19092749186060, 1.12923473596275, 
1.09261298719930, 1.01075245736462, 1.14975061080922, 1.04123059064634, 
1.08927793612128, 1.06281755935315, 1.31454007643216, 1.20451704391669, 
1.06141717764318, 1.37847233105944, 1.16787322177701, 1.22379894401197, 
1.44808131157800, 1.00473215529374, 1.08702030400959, 1.18428358921562, 
1.24631025410851, 1.22677495507658, 1.12791007806787, 1.25952861857640, 
1.13715676867246, 1.08920314487416, 1.09371661199566, 1.02029979984555, 
1.12056241767773, 1.28697101921704, 1.20296840168174, 1.03598217771365, 
1.15911372304277, 1.25097886312626, 1.14023791863049, 1.40153137566434, 
1.22453923527082, 1.20771414580583, 1.20483976707489, 1.19050647263788, 
1.25866654153151, 1.03800671660125, 1.15682957020453, 0.976149498698155, 
1.25172500036317, 1.18361091366145, 1.14207725659084, 1.08358460823253, 
1.20083708327361, 1.31112320533588, 1.24646622845150, 0.975899640547545, 
1.01316068445268, 0.979263486498678, 1.23765728372288, 1.37200418948516, 
1.17493286707558, 1.26016557208085, 1.16278253564338, 1.20148365588177, 
1.34229862498421, 1.08228925713676, 1.07338047227490, 1.49572425142536, 
1.06693880029953, 1.01358455163423, 1.17368658034660, 0.91652282491425, 
1.10101482597820, 1.02237152304848, 1.00476563310683, 1.26429957671213, 
1.13669870694161, 1.18891173826532, 1.12747448861318, 0.910965421168528, 
1.36698378265980, 1.09143691374865, 1.17354069675216, 1.28041502629633, 
1.12358974503596, 1.21149771099840, 1.14037246276402, 1.02398551514557, 
1.11573157309697, 0.998307498372841, 1.04203556332638, 1.00859989137924, 
1.11130419632863, 0.955222796059476, 1.01193449678346, 1.19689169255116, 
1.16014504366267, 1.18290775607222, 1.21061907591826, 1.25115466392316, 
1.14075967337033, 1.14401049506065, 1.09771612807955, 1.10785516532588, 
1.20926223772633, 1.22583001093072, 1.08771120877310, 1.26752023194392, 
1.25018709546048, 1.40000960347222, 1.33016389188251, 1.12235096280245, 
1.23849692846862, 1.14923516615885, 1.15372543048221, 1.25074933198315, 
1.14734336679357, 1.09328483988103, 1.03684909757570, 0.955034532181162, 
1.00117087879270, 1.12799268802705, 0.928895805535359, 1.15979995703322, 
1.20785698813788, 1.05762482748286, 1.19296518963114, 1.06247900068862, 
1.10514349390277, 1.34524190937609, 1.19834484103091, 1.10072024704090, 
1.20021625116945, 1.17542795332567, 1.26342040364073, 1.16396626683208, 
1.20578828101188, 1.09148731652834, 1.09888555032678, 1.2289806803277, 
1.07151829834238, 1.04670323925149, 1.13351827913415, 1.24677533020595, 
1.04687796898418, 1.29701911234281, 1.04638018164810, 0.999507236400518, 
1.15153976904087, 0.95781254335888, 1.35861443557850, 1.16574778471506, 
1.55319567892596, 1.15277161691411, 0.99026160823986, 1.20947231460752, 
1.12586614016045, 1.23877426496104, 1.17466569075248, 1.19346359602989, 
1.34517261360257, 1.25334513632760, 1.1894941303483, 1.17622947545095, 
1.22627547997109, 1.29411399437884, 1.15004349877844, 1.15656658630694, 
1.13269815913860, 1.17953262499912, 1.26513670774568, 1.06703774764767, 
1.19641250559255, 1.20750785605114, 1.05055560324511, 1.07126387991025, 
1.17619956574228, 1.12009030149082, 1.23144239631135, 1.13849700741461, 
0.927773007236563, 1.17495718584337, 1.04639161309173, 1.30550427689379, 
1.12925177506913, 1.02831139042817, 1.30961799227869, 1.20170266435886, 
1.35840011011057, 1.26587659719222, 1.16909938193968, 1.18998977753013, 
1.05680311336775, 1.03394467735027, 0.935680602900852, 1.19727560909717, 
1.14552676589577, 1.15048382236554, 1.15625620673571, 1.14618404499733, 
1.20778666807329, 1.18143381778037, 1.18208465069740, 1.20199409853784, 
1.14202520528594, 0.946997833575048, 1.05207675839551, 1.18863451592027, 
1.17832395772003, 1.01346056974360, 1.53974298936539, 1.21781025665132, 
1.14748218484947, 1.23513403446697, 1.17812371032297, 1.13860073905940, 
1.43323482894631, 0.973446395025933, 1.17649010170089, 1.17743140507672, 
1.01559947476157, 1.13975281388365, 1.04391852921580, 1.27744564428033, 
1.00575605468121, 1.01272680124668, 0.982931456490694, 0.949562502700996, 
1.17763625886813, 1.05528762642226, 1.16650971599997, 0.979628140510204, 
1.09226510822218, 1.25936057068887, 0.97447509093217, 1.06196694703684, 
1.25163218884185, 1.31382903679817, 1.25862287061811, 1.19680346375023, 
1.16239628737644, 1.22475698747102, 1.16727148675667, 1.34303689895382, 
1.09884831561446, 1.17693407954516, 0.918085996322505, 1.30659587957691, 
1.01324161086375, 1.01619513258974, 1.21314378222627, 1.00242781840854, 
1.16120671837552, 1.33175674233495, 1.14636510835357, 1.07869716312561, 
1.30692314832103, 1.30888971231843, 1.10703267002513, 1.14091445110787, 
1.09965247982025, 1.34607957433694, 1.12813277049739, 1.30388857914587, 
1.22225960387018, 1.25681117891512, 1.27095823095362, 1.19560216415351, 
1.21679605770474, 1.16357542987373, 1.14806743073968, 1.25508764231454, 
1.05137537389756, 1.08252347081437, 1.23298279252103, 1.17909200354811, 
1.19124752724136, 1.23451659583241, 1.24189858174295, 1.13101000739883, 
1.25035446558880, 1.11423516665770, 1.07197412521263, 1.22449927571821, 
1.00961360545383, 1.32460591536741, 1.01164468757739, 0.992426787078387, 
1.24994725719732, 1.04616469660774, 1.21292638457088, 1.27345200172356, 
1.34630973528585, 1.25735677719823, 1.11948116421648, 0.980988003994681, 
1.05958586465033, 1.25165934770612, 1.26266986868762, 1.25460274152018, 
1.02276684101010, 1.19040008648087, 1.14029661359618, 1.14909403612210, 
1.16067755686929, 1.12940682249086, 1.18091013766909, 1.15801311811426, 
1.27473504678543, 1.05438476163019, 1.2448525563287, 0.94256111787382, 
1.3929120847774, 1.34709885106175, 1.14789498408632, 1.22506477357540, 
1.04976297914873, 1.15860035625366, 1.03958368972522, 1.18081037576072, 
1.04629869293605, 1.17441506587226, 1.10734027805319, 1.18782443044914, 
1.08014118979553, 1.25211449829994, 1.08724255061560, 1.39411736757768, 
1.26436760922571, 1.08618664014190, 0.987267995166993, 1.12226517620328, 
1.14278362311109, 1.05874038474411, 1.21620441885311, 1.18615462623243, 
1.12059865126264, 1.00181817953787, 1.09845215096691, 1.11786530830232, 
1.09835505225327, 1.31426640236173, 1.27812198311538, 1.15323496854365, 
1.0091951174001, 0.99395215007955, 1.17963590910326, 1.12483112674984, 
1.24342802621231, 1.23010325546268, 1.17075710873362, 1.20349876206039, 
1.19867919434634, 1.47033547042714, 1.08296681027033, 1.06787012354882, 
0.968833425332783, 1.13205523157156, 1.44530963598064, 1.21913484704706, 
1.16673194271684, 1.18427574725472, 1.15381512612783, 1.23406574071475, 
1.20331790164539, 1.32207650888913, 1.11709853841547, 1.10026627708625, 
1.15654666108631, 0.98051909563852, 1.14010988584435, 1.05041380271927, 
1.35534027401697, 1.26347493708987, 1.02212113635571, 1.26898389828528, 
1.16916225367382, 1.15124949173616, 1.20460376430246, 1.20696928101368, 
1.16021575953386, 1.11351053655187, 1.22409931485713, 1.07491913619627, 
1.02775960707425, 1.17381499312297, 1.25552611942185, 0.951022820335607, 
1.01690124889628, 1.2028335502525, 1.27734488629523, 1.11040129193749, 
1.41931197829087, 1.23928707566137, 1.30947803307392, 1.13411832537779, 
1.05450422025982, 1.16435385687966, 1.24381531801434, 1.06103427127002, 
1.19530981770919, 1.16813537695550, 1.08444240521881, 1.23911436186706, 
0.90667972892179, 1.10524223604830, 1.07858214364897, 1.09271820131367, 
1.03245596812876, 1.22012823604931, 1.10067947063932, 1.19645460228609, 
1.00670511983986, 0.982313786374538, 1.14564720301217, 1.27726095976292, 
1.29413637037432, 1.64526951162431, 1.02394709094736, 1.56033514994022, 
1.80512052553444, 1.01120940976694, 1.61203533711028, 1.63953325780456, 
1.43823760519346, 1.38210478235629, 1.33013743202203, 1.40988952859090, 
1.83594248274055, 1.23037481466305, 1.67822811226455, 1.38282698317704, 
1.36145276473553, 1.02094283615716, 1.28129976711716, 1.66759776313816, 
1.74232269509173, 1.77268254331683, 1.14638330329033, 1.23317625383511, 
1.22832581370106, 1.42394936585749, 1.17675148553296, 1.74928071943433, 
1.19958849287715, 1.37867345798041, 1.91434187454798, 1.37634992027120, 
1.31617904826712, 1.28901263447475, 1.22250196925898, 1.26346639126600, 
1.35483997579634, 1.01344020495415, 1.28070869711492, 0.959031017459169, 
1.13801007700684, 0.94611060486582, 1.88064132644777, 1.59809407345584, 
1.35161982616494, 1.43480501095054, 1.69247123645992, 1.33781872470052, 
1.01048121563329, 1.23016474969903, 1.31587993220716, 1.11734298675895, 
1.41919472174973, 1.41855817124872, 1.51318359332228, 1.38430547267441, 
1.47422438577477, 1.23723447681900, 1.44928237240880, 1.25637129624992, 
1.16729656018466, 1.06366613842714, 1.15755568281780, 1.20907678280192, 
1.4360321190826, 1.00301321267298, 1.64847961373274, 0.983028146779448, 
1.10924303829514, 1.49239225215945, 1.54956156233021, 1.30449125879883, 
1.28331299542575, 1.61323357148563, 0.974942620999637, 1.40162529312899, 
1.52420410053453, 0.897914099170033, 1.10145967599284, 1.15803598538550, 
1.39629344028119, 1.20914251292317, 1.00799671790054, 1.24378686766588, 
1.42487054580257, 1.14905257510301, 1.38300629197322, 1.16462554559890, 
1.3645171540865, 1.29230616937392, 1.27944058984727, 2.08748566651468, 
1.04031316013266, 1.23233681848165, 1.33763164818176, 1.30545992892954, 
1.15272277272301, 1.16272655953861, 1.05014552402046, 1.64208414768132, 
1.48673723541278, 1.20197096232479, 1.3206536089149, 1.17433496901060, 
1.51970840207563, 1.12423927216793, 1.47316820824375, 1.29822205231374, 
1.33745533913500, 1.54307414978024, 1.31790482494039, 0.857632483575092, 
1.50602091754569, 1.69577582344072, 1.44854066625866, 0.913187987484496, 
1.26976809237969, 1.37756804140236, 1.39516623356815, 1.07551153981791, 
1.00289152196694, 1.06481889918748, 1.03171935458455, 1.47659266160639, 
1.37929830812253, 1.26886079438262, 1.15853255320359, 1.31516688123114, 
1.79047607120626, 1.32998185329541, 1.4211158818043, 1.28079197715526, 
1.41925229077613, 1.12496158268749, 1.36130484018355, 1.36713746024731, 
1.28981374170600, 1.67612210696381, 1.29237488784003, 1.01101924287212, 
1.52238555860499, 1.46073973839570, 1.27817999330692, 1.39917575083713, 
1.62886989920983, 1.22689561578152, 1.26776506396685, 1.15861269257273, 
1.09251055525959, 0.962048526811156, 0.990820700213219, 1.86213233504102, 
1.13919337650507, 1.63741721291129, 0.855753171703945, 1.60161328421705, 
1.28975004102414, 1.57927737019999, 1.17996815456586, 1.48548500125244, 
0.846333163773226, 1.88219623182738, 1.38209675731141, 2.14072518783964, 
1.06133475577445, 0.870805740090137, 1.19214639850862, 1.58855618027989, 
1.37646380923749, 1.34814259279323, 1.15375566280787, 1.11525907889659, 
1.37641331842142, 1.09920573071569, 1.21288168752235, 1.38664295264550, 
1.20966076018717, 1.16966556042541, 1.39802806146727, 0.936567462701268, 
1.06167962238412, 0.926319702758118, 1.40830488907946, 1.39802957726909, 
0.925363683834691, 1.45480025811781, 1.18784963680390, 0.810068986345799, 
1.05510073953456, 1.19634473130800, 1.18421367688564, 1.04210405086248, 
0.989103119680384, 1.07019496692781, 1.14986424646001, 1.39117159764219, 
1.09654327906239, 1.27597305226499, 1.33809174701100, 1.45553816469645, 
1.30699799647916, 1.65094792318762, 1.54158169136722, 1.53582571239852, 
1.78036572527343, 1.09961279212417, 0.95797337205958, 1.91414324661494, 
1.33066453988878, 1.13181375360453, 1.54341283429665, 1.33756085880331, 
1.46216522373472, 1.34309023545585, 1.20618437197369, 1.29354425281632, 
1.03455343010748, 1.38905121145887, 1.48991825863318, 1.50205242383079, 
1.07402589377008, 1.52938772437123, 0.84914995098705, 1.32024220725096, 
1.47485498112184, 1.36125904342751, 1.35961156778915, 1.24792958848161, 
1.15661798813204, 1.27070318978447, 1.76180104554711, 1.29314668040524, 
1.07513585399178, 1.09141039374498, 1.26636901185052, 0.911044305326394, 
1.16871514212640, 0.98641535840663, 1.79894176052312, 1.13989433053713, 
1.36679046697115, 1.39580897782982, 1.48783627727295, 1.53711841412159, 
1.54241893686656, 1.32803701243567, 1.38874360684383, 1.29416767990757, 
1.25986859628176, 1.12230857893394, 1.38867963542403, 1.72792621275684, 
1.24521572047103, 1.27555548845472, 1.3599592641098, 1.08362493951043, 
1.39903036535159, 1.50221161425189, 1.02181321838930, 1.12731816901544, 
0.737782394777069, 1.61734312620083, 1.23861809606054, 1.32015889341453, 
1.09533739628698, 0.900199200881112, 1.12483942104859, 1.75883546130258, 
1.14524385457293, 1.58158157903628, 1.3154515253524, 1.11683320671779, 
1.48909509669215, 1.47515225205727, 1.87405253803543, 1.18206303198410, 
1.09551763539498, 1.21878349009925, 1.15026780042022, 1.29438785377675, 
1.25645392959983, 1.56820927825004, 1.63951327261605, 1.62530589352015, 
1.18741833630775, 1.36415525522065, 1.47429508934524, 1.48942200548584, 
0.894770642912472, 1.45318528519988, 1.37860716174291, 1.40294254470933, 
1.3441875866729, 1.40316337412230, 1.42545858924258, 1.69195716628800, 
1.44878141817253, 1.60503946059274, 1.50601747620266, 1.30699199770945, 
1.31770183821837, 1.17392278296705, 1.42607047678774, 1.11342319910059, 
0.997114125817036, 1.04011413464472, 1.06770042572921, 1.33874355705372, 
1.58107652809704, 1.13106867361414, 1.19281024113720, 0.808507339563471, 
1.62533250007377, 1.18016892564987, 1.40998405773123, 1.25005481015368, 
1.34160546631462, 1.77274390099977, 1.50208522876359, 1.33345405328065, 
1.17467456240265, 1.77737443575845, 1.43376096425441, 1.52146107663163, 
1.20932849765735, 1.36295796115382, 1.20115115725318, 1.85364975762524, 
0.995782264385895, 1.72123604070421, 1.55402225004374, 0.904867843095042, 
1.41460769266670, 1.14724308370361, 1.34519038791230, 1.33652903359316, 
1.07470162228720, 1.26158900784771, 0.980098362670258, 1.45703457203193, 
1.6643152473238, 1.17838772436654, 1.32898937446248, 1.11769948382609, 
1.74889071760765, 1.09309953180395, 1.72814186765681, 1.16575430101842, 
1.3954376541993, 1.18890110868329, 1.29569060464413, 1.16617906311004, 
1.69024445961470, 1.63448362444421, 1.28025459045937, 1.06387309805848, 
1.11155123150717, 1.49432957576052, 1.13929152912695, 1.55370965329103, 
1.39664231787328, 1.14853794110271, 2.08768392579800, 1.21071775031856, 
1.02627851215912, 1.21477368724604, 1.10855535781494, 1.32218845918071, 
1.08120187432019, 0.760843409348178, 1.15639208967759, 1.83419367351626, 
1.47614388776981, 1.17063609076363, 1.74690920233049, 1.25145103709606, 
1.70435050435947, 1.29595780085478, 1.44059479791394, 1.09257763900779, 
1.20224306960996, 1.20643104003499, 0.968228216812946, 1.50007170093798, 
1.51281110646085, 1.17892059437828, 1.06694391307229, 1.40203459462422, 
1.68721471094834, 1.24902114201164, 1.06718586662539, 1.47346438558286, 
0.948823616946412, 1.54069174348903, 1.30708899979313, 0.979646599931098, 
1.13902792395773, 1.07421718434591, 1.29619727231866, 1.44673767502655, 
1.93600830431551, 0.962875110229395, 1.31276034056894, 1.14690082377290, 
1.14638903255404, 1.51318230491275, 1.44203778242967, 1.34693990319825, 
1.12285288684393, 1.15862817074222, 1.47898335723082, 1.31305476725450, 
1.12763387432415, 1.08233309644929, 1.17293280766245, 1.85433189556715, 
1.46121305080254, 1.66831648192261, 1.38197025016371, 1.43888754697439, 
1.28862626111559, 1.46662429886112, 1.39885497129963, 1.28112637178474, 
1.64013621397210, 1.09515547409539, 1.51922742067598, 1.09379017421324, 
1.11028107083850, 1.21969782120457, 1.80151744576619, 0.922037284044012, 
1.11687147305494, 1.15749912103223, 0.922433658518175, 1.39280612264558, 
1.00726421817633, 1.20476432047939, 0.968529292759924, 1.47350726862775, 
1.12222612471653, 1.13375873015949, 1.19274595495363, 1.49424267886455, 
1.03521979746327, 1.24019137933036, 1.31045001953498, 1.54417597099772, 
1.43070602470619, 1.11950127624459, 1.24498869141697, 1.27719983071294, 
1.39178173418451, 0.993319819160053, 1.44169882630858, 1.05207103240680, 
1.06155437123261, 0.747899214096577, 1.11253596646278, 1.45387516964711, 
1.86905596110803, 1.06749853810422, 1.58869786288257, 1.80822571388287, 
1.04331401664478, 1.4317084654827, 1.36105434389993, 0.985714123539265, 
1.27743082279956, 1.00076734279318, 1.00668407580629, 1.14337606255160, 
1.28103682117838, 1.31243767571978, 2.064646414802, 1.65058647589214, 
0.960558919467122, 1.20722682934558, 0.982862194172465, 1.2837593778406, 
1.22415134097969, 1.80737655298855, 1.39086672094536, 1.49754097754339, 
1.27345517489795, 1.42512387726828, 1.58171787878279, 1.11220429998044, 
1.42074612929403, 1.23121967056376, 1.34912086444298, 0.719206173906536, 
1.23466513744362, 0.98219810792626, 1.12561434499830, 1.39490839096598, 
0.750557829029153, 1.28890634897036, 1.49234280921178, 1.30797340161649, 
1.26312362640968, 1.14755880464473, 1.66722875584091, 1.69368633903616, 
1.40513455493230, 0.972462789340257, 1.04332548269336, 1.3154281345199, 
1.44035059737983, 1.87187027767554, 1.51940148260956, 1.56872029324759, 
1.47880918233696, 1.66196097061809, 1.17357651541476, 1.30959416279393, 
1.59771452100802, 1.57275143960570, 1.41207165134, 1.09659185949891, 
1.27317255534165, 1.34619226806262, 0.96517604364975, 1.74605648607617, 
0.7971508915329, 1.11140764406599, 1.3910085306187, 1.92547333848562, 
1.74125675770500, 1.08812835667154, 1.47126127309042, 1.58013002355783, 
1.70933522403434, 1.20422514681692, 1.34724398039267, 1.61897540905299, 
0.911454237771989, 2.33451272904336, 1.00242362096603, 0.877512803324308, 
0.941147182946966, 1.31420752461178, 1.27395479967580, 1.56533699657163, 
1.21193644027914, 1.26589639613449, 1.20922517361252, 1.18443951998825, 
1.08028738718527, 1.11543852213238, 1.31550600349498, 1.81695483817244, 
1.46355618189821, 1.23313626960110, 1.31916949346353, 1.57602717388740, 
1.09107703843302, 1.31632412216726, 1.40454412149533, 1.63140532478171, 
1.40180637387988, 1.360146223306, 1.70990884885172, 0.99433620476214, 
1.25042122240830, 1.19416211596626, 1.19874752822088, 1.17832273697965, 
1.63189790331248, 0.918417743500846, 1.22546121707129, 0.94524572382928, 
1.24322165630343, 1.16224812470865, 1.16447404719276, 1.04159550921065, 
1.80123122874837, 1.08948500809720, 1.20189546509997, 1.36091328363812, 
1.91033313423551, 1.15234042202703, 1.20226872069460, 1.29806601029074, 
1.34223745174585, 1.35681249541144, 1.46276042392872, 1.01951661715926, 
1.20673839144861, 1.07436641625733, 1.33110797364262, 1.22012274949642, 
1.03977489862277, 1.29535996586595, 1.36800527162748, 1.08359053230536, 
1.14112381096175, 1.15314574356562, 1.22065785743243, 1.10993763708252, 
1.38300999991679, 1.08407514533645, 1.12792462557383, 0.897117793188161, 
1.63089622419886, 1.19365239770732, 1.22807245684949, 1.31146856139311, 
1.37773380209562, 1.14103255350276, 1.37287214385147, 0.984739495982481, 
1.27152430199380, 1.32474371797585, 1.44631879267585, 1.58246355933205, 
1.20863273156627, 1.05493773786436, 1.15118278482991, 1.17640734913792, 
1.43644626520468, 1.68421628572527, 1.27762003230573, 1.15256320187541, 
1.66172495973866, 1.15909073426836, 1.28252550973908, 1.14530102369416, 
1.15115781471434, 1.25894456358613, 1.4588078790115, 1.20785704391582, 
1.25428477016349, 1.21521906960658, 1.11786346394303, 1.29865976910113, 
1.29825441343521, 1.11408035857749, 1.58772747267887, 1.01535348370091, 
1.40755840758426, 1.21561418676306, 1.11157201199938, 1.35212619289478, 
1.15419247566562, 1.58604202833952, 1.05752983409897, 1.09890003526934, 
1.24420291693325, 1.37007984169402, 1.05378814678773, 1.52100264168972, 
1.46337798740058, 1.58927135389259, 1.34863640056867, 1.23796645984896, 
1.24506143812727, 1.30748806938716, 0.988228371029101, 1.26627955336572, 
1.25528198832079, 0.840481356381722, 1.69120734284674, 1.39548825437574, 
1.71551853415038, 1.09552217472349, 1.11658112962734, 1.48693541474508, 
1.08988854166828, 1.63513845471188, 0.921605555303577, 1.24244634333398, 
1.39268985903461, 0.89014017031194, 0.69109157224997, 1.27944291465539, 
1.35578263835987, 1.04555863164478, 1.18961858668631, 1.36651470041493, 
0.95714342594815, 1.20957183310232, 1.23857164006430, 1.08081497445482, 
1.46121058285292, 1.71376013691272, 1.86408298311036, 0.799566643573131, 
1.34842147003492, 1.38727417758750, 1.07804419410878, 1.48809989223426, 
1.52898178719744, 1.36536962572050, 1.33541898197454, 1.56000111226238, 
1.13216360705612, 1.53342455328394, 1.2586455376332, 1.04695643695530, 
1.47112057096125, 1.11678032733672, 1.01963302204392, 1.02131760204366, 
0.871436441936072, 0.854914434291926, 0.962422141985178, 1.15730271713697, 
1.50842799741418, 1.10724101819448, 1.07250565024903, 1.27651201681337, 
1.31438248255576, 1.50776128155108, 1.46753070573464, 1.61724450200006, 
1.59045949936613, 1.75076482122878, 1.37911900446288, 1.10121495679431, 
1.52591242826181, 1.39855431079102, 1.49812653659043, 1.38172520544062, 
0.997719767720308, 1.50822921769149, 0.903368142289117, 1.25153667583882, 
1.42658112098830, 1.57663638085863, 1.20699036447165, 1.34113635397946, 
1.54410301377248, 1.38646731383809, 1.21965768465525, 1.27188023741881, 
1.75413045368877, 1.28570553308532, 0.963177772551204, 1.56279437111741, 
1.34980905578495, 1.48585925547476, 1.24106021891914, 1.11610539859642, 
1.43118918786368, 1.51568768335011, 1.19070629029119, 1.35627976383101, 
0.978472682779283, 1.60666309723339, 1.24625415205122, 1.5931721389307, 
1.08129289422805, 1.00232609091054, 1.57606273780143, 1.10025203417230, 
1.33187417818898, 1.11173957850056, 1.35929227643518, 1.24933757869465, 
1.33258484263199, 1.21256628863041, 1.26956451575595, 1.31643707989431, 
1.03987574412778, 1.33351513382111, 1.72890786527719, 1.31853714623061, 
1.87297719011351, 0.926925521829917, 1.76023444646333, 1.19421659513335, 
1.66574052002057, 1.38289342104744, 0.91203277350206, 1.05204120023366, 
1.2208583827468, 1.16420221401717, 1.44461801360371, 1.39038356343677, 
1.48816099214378, 1.47861473913326, 1.5090503457154, 1.25383645505356, 
1.69299305486900, 1.19388769543440, 1.09708195978050, 1.20173841263411, 
1.28133296791655, 1.65929468905370, 1.39843735744261, 1.35079008371745, 
0.904824779303481, 1.30672039987861, 1.79197094984582, 1.01186364292492, 
1.30564385803493, 1.42870672495323, 1.49579142478294, 1.36819801979779, 
1.72471253134648, 1.05466568416875, 1.12946698515691, 1.52365556440772, 
0.946251609587652, 1.32939528792383, 1.10590981462877, 2.09036145219496, 
0.923287828068812, 1.14423005082544, 1.26292715628256, 1.22665792562577, 
1.23046307620408, 1.02400428522027, 1.06536180960582, 0.815461375930874, 
1.20599092200012, 1.25408553770641, 1.24167411467261, 0.99802760222971, 
1.91165001829154, 1.09066284941008, 1.74291226540348, 1.32894166314630, 
1.40696618579814, 1.22774213032346, 1.22724854914675, 1.43738421785771, 
1.32171774105908, 1.30642100934667, 0.90461832027836, 1.36226936976032, 
0.96786067931902, 1.57298682074640, 2.41939512136232, 0.871133597839302, 
1.33000607076914, 1.73790475118910, 1.26357740470725, 1.29770975118457, 
1.10731127643771, 1.2180637077154, 1.36642904097715, 1.03653069036448, 
1.36111553667388, 1.48979271229968, 1.41484289646315, 1.24076448846565, 
1.24440702195183, 1.64344501236657, 1.48135821210022, 1.06786403280364, 
1.57226818668293, 1.40242949207012, 1.01528862694415, 1.23997067456903, 
1.50580785566107, 1.52501622776860, 1.02090523103721, 1.07468487278301, 
1.63087580516400, 1.22009936944155, 1.58626204188515, 1.34483246381569, 
1.20058210622521, 1.37926219679473, 1.10056413289707, 1.32704758295617, 
1.43414354990001, 1.39711309533654, 0.87027728178384, 1.29375772055218, 
1.44227478085811, 1.2044379936733, 1.29010497535109, 1.43158676182097, 
1.28512972868233, 1.81733966175088, 1.30254657967872, 1.38465746922408, 
1.50901138425076, 1.18006914113431, 2.22183005741427, 1.32115778583579, 
1.13380652754124, 1.27788423684589, 1.27262814182841, 1.54883315776234, 
1.3113995925045, 1.01128527700029, 1.10874162214395, 1.17824887917960, 
1.36805569624712, 1.40348463156721, 1.48203490738667, 0.972627303901674, 
1.49093949897415, 1.25570379600792, 1.11410160803389, 1.34204735963113, 
1.04274002053877, 1.16815940260825, 1.19899341473467, 1.36229086243296, 
1.4897579602994, 1.41807211124144, 1.35741162275933, 0.587634510240258, 
1.32960901044333, 1.24303533388903, 1.18095735553312, 2.04521097787055, 
1.85008302348883, 1.12271172759610, 1.44707822337876, 1.40035698889458, 
1.32170975131228, 0.89593877041109, 1.82413290476055, 1.55996450571668, 
1.22667668506102, 1.42880004225311, 1.27714291391935, 1.45222086307322, 
1.14938954870967, 1.38863378449050, 1.12507595242472, 1.22850783276654, 
1.17664496671126, 1.13637477447145, 1.17277272620119, 1.25453640752773, 
1.34023614206440, 1.00693792730434, 1.90912579733736, 1.34839541312021, 
1.21457553310829, 1.38288643131829, 1.39654773908664, 1.34005742006116, 
1.16956881289587, 1.20583474231502, 1.60074583265721, 1.37153679757775, 
1.32509228577267, 1.53833760901099, 0.995036792644736, 1.21955588133592, 
1.54171686288967, 1.45171662137199, 1.46031831174474, 1.28757972121502, 
1.37326050312609, 1.18081467619477, 1.11523632940524, 1.56220763482134, 
1.17951433860187, 1.11193526516068, 1.56978680054187, 1.14804792063336, 
1.27668394238384, 0.943715339672037, 1.23741785093994, 1.52771499453343, 
1.34773038729785, 1.07471383524153, 1.41615309567374, 1.09905202522374, 
1.06074961026248, 1.41006744845673, 1.40215376580561, 0.983335040206803, 
1.29716403811699, 1.43621402913033, 1.00293443438248, 1.27273995367718, 
1.58308776422372, 1.19889553117555, 1.72669227023086, 1.34989203497397, 
1.19855453399493, 1.06236589549891, 2.18095346437949, 1.20471965219383, 
1.41289487953448, 0.909909676628196, 1.35081673365564, 1.83400720815235, 
0.97037559664730, 0.968992886050698, 1.39640831211875, 1.26993963171004, 
1.04351272658734, 1.35143595147644, 1.20527586578609, 0.94289231154427, 
0.917261867775171, 1.36545299853962, 1.3439597366112, 1.56183710142879, 
1.24646297792421, 474.104791859711, 466.743331964845, 455.1155733819, 
496.949208040803, 456.902574379668, 466.147530016783, 482.192111127914, 
491.770259160947, 469.741234750593, 461.046917066613, 481.952501387643, 
484.018354130762, 456.518526007397, 460.213577024160, 494.577955107343, 
522.678277636609, 440.42847981246, 519.715565131069, 487.059343309928, 
494.319565732007, 504.378576875059, 476.747083554987, 452.987477485401, 
491.950336955543, 478.113636461548, 452.685763866483, 468.726040791828, 
487.478777172726, 500.470497563697, 481.623646076702, 474.251468214874, 
475.530273897228, 462.724541989661, 488.785175098764, 423.313014304608, 
499.687809931097, 468.70736498664, 487.855945053806, 463.173295093208, 
490.624950148949, 435.498973860817, 471.640871168059, 485.61872712475, 
460.506136346842, 500.934049630767, 453.690790730404, 498.257522874777, 
484.190292110991, 471.951970315472, 484.076788789299, 471.702287132711, 
454.055884154786, 478.725797566987, 477.026625878194, 465.027386324956, 
476.056599741445, 459.259431914095, 475.716725342492, 452.693596568865, 
450.334153456336, 448.713251403139, 453.261702368457, 465.246764461467, 
472.832982341706, 471.189801900004, 481.555175900633, 472.923131320352, 
472.093917477653, 502.932557722895, 531.050208631526, 460.726519692314, 
478.354135220236, 484.889592534134, 469.795173049532, 470.150874457396, 
477.607296509260, 447.140101836805, 454.024107382697, 446.432014508548, 
483.020520990242, 477.022453305943, 463.734081345975, 479.043635096026, 
504.273823269024, 471.776579332257, 478.489714245227, 455.704640874689, 
483.987677271877, 473.19762151374, 446.077557611375, 488.412913317859, 
457.361937043315, 481.27004462111, 489.581789618882, 470.655394826506, 
447.12607114407, 493.618304410459, 467.510182270551, 513.635403924194, 
492.658499887722, 504.498586148514, 505.04258126634, 493.732042673136, 
493.360764145022, 474.786360041799, 489.490351411056, 486.924304898033, 
476.628812845785, 476.809755163451, 485.750732688366, 439.315355737081, 
498.383117704392, 482.455071469486, 462.943424196275, 472.417231585309, 
477.943180786075, 511.603907435479, 489.711296789422, 459.880401825751, 
452.059606010891, 479.542171245219, 438.729167890689, 430.34921458793, 
488.67560472057, 445.508169250539, 457.503033238264, 463.329124957255, 
476.640549459801, 481.055526856112, 470.138710586394, 487.990383076219, 
490.725347309528, 478.930821314732, 492.173152553787, 489.099577144774, 
441.837775066544, 478.714410553537, 477.850075029415, 443.015582608502, 
464.08953716901, 488.80050785502, 481.770773350292, 462.034679237708, 
483.583981434777, 493.998045702994, 488.598445178599, 434.593794169395, 
478.861949265928, 445.205225695479, 473.763540329027, 485.480670371619, 
468.364747659346, 430.569758023488, 461.11274090381, 460.777136512702, 
454.266988401608, 502.948680497768, 488.339104663515, 494.126255683893, 
454.123271808741, 471.905183394292, 458.157921898269, 507.611211840497, 
467.330519232764, 451.486734398642, 474.257816095717, 452.785669057684, 
457.324842851261, 469.463220136403, 481.803558161718, 515.213556115699, 
533.102460936618, 474.573590778326, 485.142515993698, 475.779031024147, 
482.606984002852, 471.635511966975, 506.564134500961, 453.543962124923, 
474.355496427281, 453.161485272762, 466.02558010629, 469.738140405463, 
447.470499893437, 513.590777854248, 470.306517985704, 444.504999536539, 
482.760389049517, 469.584573260636, 451.784465423674, 476.258191876561, 
473.31605503926, 429.746648694788, 480.565230468518, 482.86927857143, 
461.424066840435, 489.088394961798, 508.592839608484, 438.355216915425, 
487.094279630473, 440.855990379048, 498.782791410272, 479.994893308457, 
482.934896041099, 436.344857093347, 473.092045089005, 518.133739510038, 
496.096843239606, 473.190391253927, 474.713196697885, 440.605809993746, 
478.308874465865, 498.51807011211, 502.149732248825, 492.64903061374, 
471.039017754681, 508.712446562244, 493.287533533055, 481.433524585701, 
476.898270647765, 473.939124235142, 479.922814990264, 477.501933531125, 
490.06360786289, 477.44831569675, 435.392082895878, 472.175599263547, 
483.730412522588, 481.305410709286, 475.052209175235, 467.345277930177, 
491.176401469603, 472.686220149972, 503.633023027906, 464.49604096809, 
437.743339978191, 461.142734229372, 488.069818464586, 474.977930788341, 
474.234971389043, 477.685892956329, 453.986627273975, 483.377317465699, 
493.715297166458, 475.712998175258, 482.541370871786, 482.940409997611, 
486.956167337041, 494.398837032648, 497.89530795522, 449.624784472368, 
462.807772130267, 471.829080971312, 473.48614399933, 442.438340774594, 
473.189621518398, 481.500267830548, 483.78112649714, 461.094869985418, 
442.983719598722, 427.783524077049, 483.040269483348, 503.695847535823, 
463.484057131645, 468.651079466476, 503.449571552288, 489.635395276328, 
463.33042255648, 460.231852340003, 460.411462023826, 484.961759827222, 
502.422597632874, 477.846438809014, 505.069939185635, 487.454886789877, 
474.642339750436, 488.289829331508, 445.756361359888, 489.458681260494, 
458.419865292603, 472.464717890275, 503.092782089378, 483.913654368689, 
478.198753834086, 442.459768803337, 487.540047602378, 477.663212769251, 
467.193592702756, 491.273495262948, 472.839273788611, 503.025576494714, 
478.606676213793, 491.628456235279, 486.942878466633, 482.035638138924, 
481.137493785657, 473.350835926637, 503.476637367566, 484.51834457893, 
484.356876719316, 494.715544921623, 469.927496309198, 494.194575060931, 
445.935519318363, 443.97773095645, 455.596746506535, 454.064304056107, 
502.583832226296, 465.202843858345, 491.793278755923, 457.621692641351, 
460.241866354588, 475.29993273911, 513.105011161947, 481.124537264759, 
475.902522810424, 491.262720269651, 496.007933956557, 479.576471540011, 
503.521934716995, 474.816970210272, 482.161372166108, 479.156879523161, 
465.733280574669, 481.457122243751, 452.041287248169, 485.630613887235, 
436.678378081208, 485.665579639206, 477.815134360249, 445.911667679069, 
460.500621758324, 486.884082886959, 512.748254692121, 513.370678214637, 
515.60751678171, 427.911827925445, 485.489504808538, 462.888776269175, 
514.380963816976, 501.635012888935, 455.323094072843, 459.906435314235, 
479.063008484888, 440.514792699976, 502.65655785473, 469.836286388539, 
449.194556237670, 459.750405623343, 451.450999763472, 482.447787461187, 
477.420440737168, 495.798224905714, 495.090260844284, 489.38056455583, 
482.239767514154, 459.607466640997, 479.659800808151, 461.559790115723, 
511.975413718746, 450.132613176686, 528.629333688667, 459.938869150247, 
442.14180225097, 482.824124839848, 474.839586450043, 478.967161260504, 
483.231151301155, 447.638138817455, 451.869754537597, 546.023903653058, 
490.258371144268, 473.562255524086, 479.973835032514, 496.582279981438, 
483.596584750458, 483.461173495754, 492.024422066508, 463.989347255302, 
468.996145506269, 480.451124600912, 456.264257517402, 484.928159519276, 
466.521398557799, 457.892776864833, 489.195512981615, 512.743198995421, 
521.808632893181, 467.823056537789, 452.781022038324, 483.177956941545, 
452.053404940603, 440.501953476027, 477.027239179087, 459.937700808882, 
461.706872352084, 454.18310925674, 508.452326365945, 502.997584078236, 
498.050000245901, 445.41549199838, 478.944620241333, 489.478703092841, 
473.008609998001, 474.308287316178, 493.839547915858, 462.755679131673, 
418.227142438979, 460.042453964851, 473.436817502864, 424.048238138196, 
440.376561543737, 446.896701771145, 499.787015240494, 516.106323162851, 
477.632230550556, 476.021237468182, 458.686894197648, 492.31999664885, 
426.704469149472, 470.435368571035, 499.774510594767, 471.016465209195, 
495.508968387473, 443.131998019935, 487.190967518756, 456.221442097332, 
441.128694112695, 432.23452712314, 488.248372310629, 467.386548494735, 
475.208417487238, 490.020452889843, 448.118554885315, 483.402478868706, 
450.179212580937, 509.988721430137, 455.143580903418, 470.343421436827, 
443.579127879249, 476.619931776861, 480.54239810495, 489.531177316574, 
459.405339856653, 484.000231402348, 468.590831362101, 532.327302693977, 
469.086894342612, 492.17424759628, 478.240941687873, 449.2235398587, 
502.801679013287, 465.778187046254, 472.358742145364, 455.996719265037, 
449.311895516142, 435.201231841083, 459.070846122078, 489.41818964576, 
515.304755378297, 487.547048589844, 500.6543061085, 487.453832658317, 
471.999786465249, 509.311631321245, 472.969274291764, 437.881489555408, 
472.017222875074, 455.711111843811, 464.540903506791, 457.068398020022, 
476.433122045707, 470.603888355767, 461.726595204077, 517.162121790945, 
485.297914274826, 458.07499672939, 459.586730581102, 470.948618052801, 
474.601562420526, 483.690095542088, 463.590134100538, 497.138366665226, 
493.423473665262, 467.754892223485, 495.379657642979, 482.116547394791, 
473.300056975605, 442.994156367649, 507.053987971054, 446.773258202108, 
455.323066516508, 461.657559702873, 452.181734734521, 472.278242076361, 
499.424735082319, 463.902749662766, 474.410278790201, 454.167757007127, 
477.416707715352, 484.182191725454, 499.099249704181, 463.450426816511, 
481.06234753561, 429.975532105429, 467.498984103775, 473.903694182731, 
495.813030353044, 453.038639128575, 470.425614723567, 510.331292458479, 
470.932240986339, 486.903675749089, 485.372934844356, 491.09718160231, 
472.393187380664, 475.62964482344, 468.422734953773, 450.301173142535, 
444.07370759673, 489.08402123532, 480.146829763144, 485.750910196571, 
485.787186694211, 492.612066216849, 462.868469985591, 446.822680506005, 
466.066791865362, 462.353643068803, 489.608996681977, 458.575172775396, 
501.609908878371, 491.510290821287, 477.008248707229, 469.652306985420, 
459.986078037141, 478.920223847056, 468.288906934095, 435.307959500412, 
442.533295907366, 479.672112676201, 450.959124987516, 508.742016141697, 
465.114865189086, 486.550771112238, 459.624468690203, 454.964433190464, 
470.663552038263, 484.902766635204, 480.346127509828, 500.216739231321, 
517.591122281465, 454.359304496841, 468.634581465776, 490.165173506662, 
480.389059269891, 487.407885175855, 456.099649816057, 470.880921530429, 
502.803901123942, 490.52213286416, 505.802699416703, 482.021484970203, 
500.989707319015, 460.422832206493, 457.648659787925, 456.806004018756, 
490.150240663888, 486.13422056729, 447.299264427588, 456.212522093585, 
492.596525869258, 446.453622966732, 473.66800193947, 478.401350868375, 
478.110614262405, 458.178302764128, 496.996095031979, 493.777802821512, 
513.526102323506, 484.46407274447, 499.997793186046, 484.098107829932, 
470.940133896279, 469.289434662181, 472.81882704511, 500.760480949668, 
491.486740502684, 453.337302884606, 465.590614811563, 478.710049951059, 
498.49715498987, 467.538424008646, 481.388172797357, 471.376246805029, 
463.437325778409, 485.323065402865, 436.879712377949, 436.688489015929, 
467.952049955817, 467.810689948275, 437.141388618614, 447.460741544381, 
479.266897460222, 498.208685178455, 472.407380910107, 466.017418278235, 
497.191693617284, 454.506706302833, 481.186740986343, 438.912149326555, 
477.388607310475, 485.013786911131, 454.65464319655, 514.739032278422, 
459.058766543229, 455.594881562416, 457.659739594191, 481.929238111016, 
492.723371240679, 478.716285222706, 500.481984563234, 481.866418232323, 
500.701655551195, 479.582054877357, 493.173729751484, 471.959955315502, 
457.772109705004, 477.092931994382, 501.973465125687, 476.312203777449, 
480.501569045919, 454.636407131351, 464.569811008508, 478.597605377215, 
463.833438379393, 478.241655048377, 476.556109824223, 494.05215238975, 
479.897012785753, 479.313198907609, 451.030246358721, 510.818601040565, 
472.039218088348, 472.910623091376, 432.595165674371, 457.989929450062, 
481.05370761096, 474.595656841, 471.425325794828, 433.997703152937, 
529.670581231494, 495.078008210781, 480.86815900668, 477.162997055453, 
462.772370280135, 477.929234822167, 462.985691947034, 485.290727864251, 
468.261169008469, 447.209884682993, 485.995833805372, 503.351599194407, 
481.856845361278, 509.747953035447, 455.276917671527, 474.737877666147, 
469.810757499357, 470.325681379005, 447.102046340496, 458.015315984444, 
497.320126877822, 477.87448292311, 446.951494842519, 465.64636075114, 
488.845629253944, 487.563302149839, 465.899316880587, 495.199120952687, 
439.894864587452, 475.530141680792, 473.386875255486, 457.663119916592, 
505.914811125234, 509.986520098443, 499.767555709283, 435.471566375702, 
486.508870652363, 474.026988522692, 468.950492480154, 511.842856088612, 
461.357072918574, 473.203805291149, 494.756553533304, 500.431184547466, 
458.297522878945, 516.888701183028, 470.453865448756, 443.546810956393, 
501.950804281114, 463.236642982637, 462.978124690033, 466.157341167843, 
429.074268966215, 422.613352493541, 478.427335416601, 432.257814736534, 
494.600866265601, 477.569344046818, 444.72941243317, 493.077737245276, 
472.274025715493, 497.181838794338, 499.624677959131, 495.13426676415, 
495.539691941051, 503.567268576198, 511.253110465103, 451.101721379095, 
470.382227463892, 444.83399913236, 509.047384226783, 502.728181304065, 
461.145317827396, 505.650996396023, 454.997582266276, 464.348582571595, 
468.377948425334, 488.635172499244, 489.812058187197, 491.371773800858, 
475.246739748221, 478.193184029815, 446.435948236345, 491.851439371269, 
490.676601776784, 490.464923193393, 474.365135670981, 451.021514393386, 
492.079080913939, 490.518850058048, 503.495078272474, 481.373474956730, 
449.740333479973, 475.974942817691, 474.051924495642, 470.081214097377, 
448.924039183199, 444.214263959257, 460.2527643062, 545.055794886523, 
477.010313028099, 460.490027389659, 484.638033106625, 448.502367276015, 
519.699729613903, 446.483114496234, 474.974663504288, 484.569254477045, 
448.64284054432, 471.56816051169, 454.861674042784, 458.538933142162, 
435.049280507526, 486.617043263854, 516.157136412146, 499.197750170728, 
485.789368516078, 478.223318305114, 464.653268404503, 481.519291041361, 
485.219728253856, 482.729178585145, 439.883355051507, 474.53330230205, 
444.37029460997, 472.194632639924, 467.113396577834, 474.173828113621, 
468.331717022338, 502.952067595349, 515.364078308252, 495.105202616878, 
483.49848767009, 471.999481850236, 474.669152909352, 486.857195489306, 
443.271244838629, 487.314745903126, 502.19656524911, 485.455209438257, 
466.027500891468, 440.354596614783, 471.87435265643, 473.717202515033, 
488.137316983724, 456.931769608543, 465.111418933785, 485.540096978303, 
490.767862169145, 457.250580919082, 464.892239113893, 482.601244854063, 
478.353572031328, 488.138776689107, 456.791196991432, 500.374136453565, 
453.239690753776, 483.162772430763, 488.859097685595, 465.123945960739, 
468.299621974957, 478.794466693737, 474.37960756401, 455.811021521967, 
476.442053868021, 455.62737254361, 467.9284046179, 466.019316953819, 
480.297237624972, 451.383719621238, 491.185714998527, 445.503730454196, 
456.475912924639, 455.077888770446, 472.393651719519, 502.259308492154, 
496.223305715144, 466.532350813068, 447.837559215265, 496.630712282584, 
443.811067263683, 494.965100529186, 505.554354950805, 451.140562576778, 
491.176485713905, 492.455307292181, 480.381352571335, 490.996825627546, 
469.350640462044, 460.914165467983, 475.888913768187, 452.292019695942, 
479.920380333825, 476.752936913723, 466.75827015047, 490.323539448996, 
451.908606840519, 464.005598869449, 491.061727487592, 474.005170051151, 
476.91903500316, 475.269588038694, 493.172646372492, 485.034122157437, 
503.439804013354, 493.402517266562, 471.679077707807, 423.991851949638, 
475.552373894533, 469.07211815601, 511.477201663346, 481.089962692616, 
481.973105380672, 483.842273409637, 514.043843241814, 458.907481173660, 
492.247258430475, 485.127430261937, 441.741770247153, 488.922266833203, 
481.219110029995, 489.857562778913, 490.044910759791, 474.190682869246, 
447.079511792526, 509.315279673589, 467.727455121431, 507.640052378698, 
529.562287801306, 523.818369227796, 502.814757865226, 466.902874364801, 
502.114503509839, 439.171745468455, 496.755376767135, 439.139924858174, 
503.931291307077, 470.295346261867, 459.300978528146, 478.388877533228, 
437.46626354948, 496.481329578961, 497.427725539114, 456.999723813291, 
484.899468227628, 492.709886821762, 457.523727774692, 473.016788045252, 
457.446009021111, 484.645763773494, 446.050632969795, 480.994478458561, 
440.387661150817, 473.009641311865, 463.124813869518, 429.425273462543, 
455.222841529297, 431.831230957453, 471.187775294871, 472.009718678461, 
482.632636192575, 526.192920567762, 459.058734712341, 493.594189329161, 
498.957869062302, 443.066241241564, 515.350964367997, 470.753532717487, 
454.808321993659, 460.487568941404, 480.837499013223, 478.112678082044, 
471.218326432671, 465.623723329603, 455.299458478480, 433.248028663939, 
429.737141285368, 488.588795827225, 479.213268170137, 488.581848459197, 
513.531849288953, 476.994860077315, 498.456879436238, 471.63368120316, 
466.87892006115, 460.538056252687, 470.381071138442, 492.569736615114, 
474.671406698593, 465.354269617765, 470.84113834559, 490.187677309019, 
463.790788385931, 500.71379155125, 459.467523274926, 460.838048840609, 
486.524910699216, 452.897110988097, 506.327862694302, 518.298454628622, 
492.712391086247, 466.375603519448, 466.703007051469, 487.790074157146, 
431.5112717097, 466.614386799027, 493.393056472342, 461.528496528984, 
485.045515818697, 439.362371075085, 495.579598722509, 506.948092927467, 
463.73178431921, 475.417998399303, 486.101737293827, 468.044819397895, 
463.077458961989, 508.967548381677, 455.336375548719, 471.91908811919, 
497.678079783309, 485.443670345210, 464.946325411755, 464.889035225386, 
461.519312548525, 475.57895746994, 443.643612745904, 502.216936222366, 
510.189125847969, 453.37453331397, 490.344561786889, 478.394886287937, 
474.743250701913, 436.211374694737, 513.122384585215, 462.628113282242, 
460.223293893408, 449.182038184926, 472.082357534093, 464.930158671044, 
457.630411561736, 494.688713321293, 470.685241861253, 435.900691075093, 
449.296048534911, 467.187463908598, 476.110825971848, 515.389816088552, 
454.376463277709, 0, 0, 0, 0, 0, 0, 0, 0, 0, 0, 0, 0, 0, 0, 0, 
0, 0, 0, 0, 0, 0, 0, 0, 0, 0, 0, 0, 0, 0, 0, 0, 0, 0, 0, 0, 0, 
0, 0, 0, 0, 0, 0, 0, 0, 0, 0, 0, 0, 0, 0, 0, 0, 0, 0, 0, 0, 0, 
0, 0, 0, 0, 0, 0, 0, 0, 0, 0, 0, 0, 0, 0, 0, 0, 0, 0, 0, 0, 0, 
0, 0, 0, 0, 0, 0, 0, 0, 0, 0, 0, 0, 0, 0, 0, 0, 0, 0, 0, 0, 0, 
0, 0, 0, 0, 0, 0, 0, 0, 0, 0, 0, 0, 0, 0, 0, 0, 0, 0, 0, 0, 0, 
0, 0, 0, 0, 0, 0, 0, 0, 0, 0, 0, 0, 0, 0, 0, 0, 0, 0, 0, 0, 0, 
0, 0, 0, 0, 0, 0, 0, 0, 0, 0, 0, 0, 0, 0, 0, 0, 0, 0, 0, 0, 0, 
0, 0, 0, 0, 0, 0, 0, 0, 0, 0, 0, 0, 0, 0, 0, 0, 0, 0, 0, 0, 0, 
0, 0, 0, 0, 0, 0, 0, 0, 0, 0, 0, 0, 0, 0, 0, 0, 0, 0, 0, 0, 0, 
0, 0, 0, 0, 0, 0, 0, 0, 0, 0, 0, 0, 0, 0, 0, 0, 0, 0, 0, 0, 0, 
0, 0, 0, 0, 0, 0, 0, 0, 0, 0, 0, 0, 0, 0, 0, 0, 0, 0, 0, 0, 0, 
0, 0, 0, 0, 0, 0, 0, 0, 0, 0, 0, 0, 0, 0, 0, 0, 0, 0, 0, 0, 0, 
0, 0, 0, 0, 0, 0, 0, 0, 0, 0, 0, 0, 0, 0, 0, 0, 0, 0, 0, 0, 0, 
0, 0, 0, 0, 0, 0, 0, 0, 0, 0, 0, 0, 0, 0, 0, 0, 0, 0, 0, 0, 0, 
0, 0, 0, 0, 0, 0, 0, 0, 0, 0, 0, 0, 0, 0, 0, 0, 0, 0, 0, 0, 0, 
0, 0, 0, 0, 0, 0, 0, 0, 0, 0, 0, 0, 0, 0, 0, 0, 0, 0, 0, 0, 0, 
0, 0, 0, 0, 0, 0, 0, 0, 0, 0, 0, 0, 0, 0, 0, 0, 0, 0, 0, 0, 0, 
0, 0, 0, 0, 0, 0, 0, 0, 0, 0, 0, 0, 0, 0, 0, 0, 0, 0, 0, 0, 0, 
0, 0, 0, 0, 0, 0, 0, 0, 0, 0, 0, 0, 0, 0, 0, 0, 0, 0, 0, 0, 0, 
0, 0, 0, 0, 0, 0, 0, 0, 0, 0, 0, 0, 0, 0, 0, 0, 0, 0, 0, 0, 0, 
0, 0, 0, 0, 0, 0, 0, 0, 0, 0, 0, 0, 0, 0, 0, 0, 0, 0, 0, 0, 0, 
0, 0, 0, 0, 0, 0, 0, 0, 0, 0, 0, 0, 0, 0, 0, 0, 0, 0, 0, 0, 0, 
0, 0, 0, 0, 0, 0, 0, 0, 0, 0, 0, 0, 0, 0, 0, 0, 0, 0, 0, 0, 0, 
0, 0, 0, 0, 0, 0, 0, 0, 0, 0, 0, 0, 0, 0, 0, 0, 0, 0, 0, 0, 0, 
0, 0, 0, 0, 0, 0, 0, 0, 0, 0, 0, 0, 0, 0, 0, 0, 0, 0, 0, 0, 0, 
0, 0, 0, 0, 0, 0, 0, 0, 0, 0, 0, 0, 0, 0, 0, 0, 0, 0, 0, 0, 0, 
0, 0, 0, 0, 0, 0, 0, 0, 0, 0, 0, 0, 0, 0, 0, 0, 0, 0, 0, 0, 0, 
0, 0, 0, 0, 0, 0, 0, 0, 0, 0, 0, 0, 0, 0, 0, 0, 0, 0, 0, 0, 0, 
0, 0, 0, 0, 0, 0, 0, 0, 0, 0, 0, 0, 0, 0, 0, 0, 0, 0, 0, 0, 0, 
0, 0, 0, 0, 0, 0, 0, 0, 0, 0, 0, 0, 0, 0, 0, 0, 0, 0, 0, 0, 0, 
0, 0, 0, 0, 0, 0, 0, 0, 0, 0, 0, 0, 0, 0, 0, 0, 0, 0, 0, 0, 0, 
0, 0, 0, 0, 0, 0, 0, 0, 0, 0, 0, 0, 0, 0, 0, 0, 0, 0, 0, 0, 0, 
0, 0, 0, 0, 0, 0, 0, 0, 0, 0, 0, 0, 0, 0, 0, 0, 0, 0, 0, 0, 0, 
0, 0, 0, 0, 0, 0, 0, 0, 0, 0, 0, 0, 0, 0, 0, 0, 0, 0, 0, 0, 0, 
0, 0, 0, 0, 0, 0, 0, 0, 0, 0, 0, 0, 0, 0, 0, 0, 0, 0, 0, 0, 0, 
0, 0, 0, 0, 0, 0, 0, 0, 0, 0, 0, 0, 0, 0, 0, 0, 0, 0, 0, 0, 0, 
0, 0, 0, 0, 0, 0, 0, 0, 0, 0, 0, 0, 0, 0, 0, 0, 0, 0, 0, 0, 0, 
0, 0, 0, 0, 0, 0, 0, 0, 0, 0, 0, 0, 0, 0, 0, 0, 0, 0, 0, 0, 0, 
0, 0, 0, 0, 0, 0, 0, 0, 0, 0, 0, 0, 0, 0, 0, 0, 0, 0, 0, 0, 0, 
0, 0, 0, 0, 0, 0, 0, 0, 0, 0, 0, 0, 0, 0, 0, 0, 0, 0, 0, 0, 0, 
0, 0, 0, 0, 0, 0, 0, 0, 0, 0, 0, 0, 0, 0, 0, 0, 0, 0, 0, 0, 0, 
0, 0, 0, 0, 0, 0, 0, 0, 0, 0, 0, 0, 0, 0, 0, 0, 0, 0, 0, 0, 0, 
0, 0, 0, 0, 0, 0, 0, 0, 0, 0, 0, 0, 0, 0, 0, 0, 0, 0, 0, 0, 0, 
0, 0, 0, 0, 0, 0, 0, 0, 0, 0, 0, 0, 0, 0, 0, 0, 0, 0, 0, 0, 0, 
0, 0, 0, 0, 0, 0, 0, 0, 0, 0, 0, 0, 0, 0, 0, 0, 0, 0, 0, 0, 0, 
0, 0, 0, 0, 0, 0, 0, 0, 0, 0, 0, 0, 0, 0, 0, 0, 0, 0, 0, 0, 0, 
0, 0, 0, 0, 0, 0, 0, 0, 0, 0, 0, 0, 0, 0, 0, 0, 0, 0, 0), .Dim = c(1000L, 
5L), .Dimnames = list(NULL, c("mean", "sd", "prev", "LL", "convergence"
)))
